/*--------------------------------*- C++ -*----------------------------------*\
| =========                 |                                                 |
| \\      /  F ield         | OpenFOAM: The Open Source CFD Toolbox           |
|  \\    /   O peration     | Version:  11                                    |
|   \\  /    A nd           | Website:  www.openfoam.org                      |
|    \\/     M anipulation  |                                                 |
\*---------------------------------------------------------------------------*/
FoamFile
{
    version     2.0;
    format      ascii;
    class       dictionary;
    location    "system";
    object      controlDict;
}

application     foamRun;

solver          incompressibleFluid;

startFrom       latestTime;

startTime       0;

stopAt          endTime;

endTime         20;

deltaT          0.0001;

writeControl    timeStep;

writeInterval   20000;

purgeWrite      0;

writeFormat     ascii;

writePrecision  6;

writeCompression off;

timeFormat      general;

timePrecision   6;

runTimeModifiable true;

functions
{
      

         yPlus1
{
    type        yPlus;
    libs        ("libfieldFunctionObjects.so");
    writeControl   timeStep;
    writeInterval  20000; 
}

// editable 

// Center is at (16,3)

    Inlet_vel
    {
        
                type            probes;
        libs            ("libsampling.so");
        enabled         true;
        writeControl   timeStep;
        writeInterval  20;  //deltaT*writeInterval=0.02, this should make the probes to write U at every time step

        fields
        (
            U p
        );
        
        
        
        probeLocations //locations to be probed
        (
 
(	-1	1.5	3	)	//inlet velocity (plot to see the sine wave)
            
        );

        
    };


Roof_WERFL_fixed
    {
        
                type            probes;
        libs            ("libsampling.so");
        enabled         true;
        writeControl   timeStep;
        writeInterval  20;  //deltaT*writeInterval=0.02, this should make the probes to write U at every time step

        fields
        (
            U p
        );
        
        
	probeLocations //locations to be probed
        (
 
(	13.991315	0.202575	3.112875	)
(	13.991315	0.202575	2.887125	)
(	14.011865	0.202515	3.317945	)
(	14.011865	0.202515	3.279845	)
(	14.011865	0.202515	3.241745	)
(	14.011865	0.202515	3.203645	)
(	14.011865	0.202515	3.165545	)
(	14.011865	0.202515	3.051245	)
(	14.011865	0.202515	3.013145	)
(	14.011865	0.202515	2.975005	)
(	14.011865	0.202515	2.936905	)
(	14.011865	0.202515	2.822605	)
(	14.011865	0.202515	2.784505	)
(	14.011865	0.202515	2.746405	)
(	14.011865	0.202515	2.708305	)
(	14.011865	0.202515	2.670205	)
(	13.988135	0.202515	3.317945	)
(	13.988135	0.202515	3.279845	)
(	13.988135	0.202515	3.241745	)
(	13.988135	0.202515	3.203645	)
(	13.988135	0.202515	3.165545	)
(	13.988135	0.202515	3.051245	)
(	13.988135	0.202515	3.013145	)
(	13.988135	0.202515	2.975005	)
(	13.988135	0.202515	2.936905	)
(	13.988135	0.202515	2.822605	)
(	13.988135	0.202515	2.784505	)
(	13.988135	0.202515	2.746405	)
(	13.988135	0.202515	2.708305	)
(	13.988135	0.202515	2.670205	)
(	13.950225	0.201785	3.112875	)
(	13.950225	0.201785	2.887125	)
(	14.049955	0.201715	3.317945	)
(	14.049955	0.201715	3.279845	)
(	14.049955	0.201715	3.241745	)
(	14.049955	0.201715	3.203645	)
(	14.049955	0.201715	3.165545	)
(	14.049955	0.201715	3.051245	)
(	14.049955	0.201715	3.013145	)
(	14.049955	0.201715	2.975005	)
(	14.049955	0.201715	2.936905	)
(	14.049955	0.201715	2.822605	)
(	14.049955	0.201715	2.784505	)
(	14.049955	0.201715	2.746405	)
(	14.049955	0.201715	2.708305	)
(	14.049955	0.201715	2.670205	)
(	13.950045	0.201715	3.317945	)
(	13.950045	0.201715	3.279845	)
(	13.950045	0.201715	3.241745	)
(	13.950045	0.201715	3.203645	)
(	13.950045	0.201715	3.165545	)
(	13.950045	0.201715	3.051245	)
(	13.950045	0.201715	3.013145	)
(	13.950045	0.201715	2.975005	)
(	13.950045	0.201715	2.936905	)
(	13.950045	0.201715	2.822605	)
(	13.950045	0.201715	2.784505	)
(	13.950045	0.201715	2.746405	)
(	13.950045	0.201715	2.708305	)
(	13.950045	0.201715	2.670205	)
(	14.079215	0.201105	3.336995	)
(	14.079215	0.201105	3.317945	)
(	14.079215	0.201105	3.298895	)
(	14.079215	0.201105	3.279845	)
(	14.079215	0.201105	3.260795	)
(	14.079215	0.201105	3.241745	)
(	14.079215	0.201105	3.222795	)
(	14.079215	0.201105	3.203645	)
(	14.079215	0.201105	3.184595	)
(	14.079215	0.201105	3.165545	)
(	14.079215	0.201105	3.146495	)
(	14.079215	0.201105	3.127445	)
(	14.079215	0.201105	3.051245	)
(	14.079215	0.201105	3.013145	)
(	14.079215	0.201105	2.975005	)
(	14.079215	0.201105	2.936905	)
(	14.079215	0.201105	2.898805	)
(	14.079215	0.201105	2.860705	)
(	14.079215	0.201105	2.822605	)
(	14.079215	0.201105	2.784505	)
(	14.079215	0.201105	2.746405	)
(	14.079215	0.201105	2.708305	)
(	14.079215	0.201105	2.670205	)
(	13.920785	0.201105	3.336995	)
(	13.920785	0.201105	3.317945	)
(	13.920785	0.201105	3.298895	)
(	13.920785	0.201105	3.279845	)
(	13.920785	0.201105	3.260795	)
(	13.920785	0.201105	3.241745	)
(	13.920785	0.201105	3.222795	)
(	13.920785	0.201105	3.203645	)
(	13.920785	0.201105	3.184595	)
(	13.920785	0.201105	3.165545	)
(	13.920785	0.201105	3.127445	)
(	13.920785	0.201105	3.146495	)
(	13.920785	0.201105	3.051245	)
(	13.920785	0.201105	3.013145	)
(	13.920785	0.201105	2.975005	)
(	13.920785	0.201105	2.936905	)
(	13.920785	0.201105	2.898805	)
(	13.920785	0.201105	2.860705	)
(	13.920785	0.201105	2.822605	)
(	13.920785	0.201105	2.784505	)
(	13.920785	0.201105	2.746405	)
(	13.920785	0.201105	2.708305	)
(	13.920785	0.201105	2.670205	)
(	14.084875	0.200995	3.112875	)
(	14.084875	0.200995	2.887125	)
(	13.915125	0.200995	3.112875	)
(	13.915125	0.200995	2.887125	)
(	14.103915	0.200595	3.317945	)
(	14.103915	0.200595	3.279845	)
(	14.103915	0.200595	3.241745	)
(	14.103915	0.200595	3.203645	)
(	14.103915	0.200595	3.165545	)
(	14.103915	0.200595	3.127445	)
(	14.103915	0.200595	3.112875	)
(	14.103915	0.200595	2.887125	)
(	13.896085	0.200595	3.317945	)
(	13.896085	0.200595	3.279845	)
(	13.896085	0.200595	3.241745	)
(	13.896085	0.200595	3.203645	)
(	13.896085	0.200595	3.165545	)
(	13.896085	0.200595	3.127445	)
(	13.896085	0.200595	3.112875	)
(	13.896085	0.200595	2.887125	)
(	14.122965	0.200195	3.112875	)
(	14.122965	0.200195	2.887125	)
(	13.877035	0.200195	3.112875	)
(	13.877035	0.200195	2.887125	)
(	14.126135	0.200135	3.051245	)
(	14.126135	0.200135	3.013145	)
(	14.126135	0.200135	2.975005	)
(	14.126135	0.200135	2.936905	)
(	14.126135	0.200135	2.822605	)
(	14.126135	0.200135	2.784505	)
(	14.126135	0.200135	2.746405	)
(	14.126135	0.200135	2.708305	)
(	14.126135	0.200135	2.670205	)
(	13.873863	0.200135	3.051245	)
(	13.873863	0.200135	3.013145	)
(	13.873863	0.200135	2.975005	)
(	13.873863	0.200135	2.936905	)
(	13.873863	0.200135	2.822605	)
(	13.873863	0.200135	2.784505	)
(	13.873863	0.200135	2.746405	)
(	13.873863	0.200135	2.708305	)
(	13.873863	0.200135	2.670205	)
(	14.129315	0.200065	3.336995	)
(	14.129315	0.200065	3.317945	)
(	14.129315	0.200065	3.298895	)
(	14.129315	0.200065	3.279845	)
(	14.129315	0.200065	3.260795	)
(	14.129315	0.200065	3.241745	)
(	14.129315	0.200065	3.222795	)
(	14.129315	0.200065	3.203645	)
(	14.129315	0.200065	3.184595	)
(	14.129315	0.200065	3.165545	)
(	13.870685	0.200065	3.336995	)
(	13.870685	0.200065	3.317945	)
(	13.870685	0.200065	3.298895	)
(	13.870685	0.200065	3.279845	)
(	13.870685	0.200065	3.260795	)
(	13.870685	0.200065	3.241745	)
(	13.870685	0.200065	3.222795	)
(	13.870685	0.200065	3.203645	)
(	13.870685	0.200065	3.184595	)
(	13.870685	0.200065	3.165545	)
(	14.142005	0.199805	3.336995	)
(	14.142005	0.199805	3.317945	)
(	14.142005	0.199805	3.298895	)
(	14.142005	0.199805	3.279845	)
(	14.142005	0.199805	3.260795	)
(	14.142005	0.199805	3.241745	)
(	14.142005	0.199805	3.222795	)
(	14.142005	0.199805	3.203645	)
(	14.142005	0.199805	3.184595	)
(	14.142005	0.199805	3.165545	)
(	14.142005	0.199805	3.127445	)
(	14.142005	0.199805	3.112875	)
(	14.142005	0.199805	2.887125	)
(	13.857995	0.199805	3.336995	)
(	13.857995	0.199805	3.317945	)
(	13.857995	0.199805	3.298895	)
(	13.857995	0.199805	3.279845	)
(	13.857995	0.199805	3.260795	)
(	13.857995	0.199805	3.241745	)
(	13.857995	0.199805	3.222795	)
(	13.857995	0.199805	3.203645	)
(	13.857995	0.199805	3.184595	)
(	13.857995	0.199805	3.165545	)
(	13.857995	0.199805	3.127445	)
(	13.857995	0.199805	3.112875	)
(	13.857995	0.199805	2.887125	)
(	14.154705	0.199535	3.336995	)
(	14.154705	0.199535	3.317945	)
(	14.154705	0.199535	3.298895	)
(	14.154705	0.199535	3.279845	)
(	14.154705	0.199535	3.260795	)
(	14.154705	0.199535	3.241745	)
(	14.154705	0.199535	3.222795	)
(	14.154705	0.199535	3.203645	)
(	14.154705	0.199535	3.184595	)
(	14.154705	0.199535	3.165545	)
(	13.845295	0.199535	3.336995	)
(	13.845295	0.199535	3.317945	)
(	13.845295	0.199535	3.298895	)
(	13.845295	0.199535	3.279845	)
(	13.845295	0.199535	3.260795	)
(	13.845295	0.199535	3.241745	)
(	13.845295	0.199535	3.222795	)
(	13.845295	0.199535	3.203645	)
(	13.845295	0.199535	3.184595	)
(	13.845295	0.199535	3.165545	)
(	14.161055	0.199405	3.112875	)
(	14.161055	0.199405	2.887125	)
(	13.838945	0.199405	3.112875	)
(	13.838945	0.199405	2.887125	)
(	14.164225	0.199335	3.051245	)
(	14.164225	0.199335	3.013145	)
(	14.164225	0.199335	2.975005	)
(	14.164225	0.199335	2.936905	)
(	14.164225	0.199335	2.822605	)
(	14.164225	0.199335	2.784505	)
(	14.164225	0.199335	2.746405	)
(	14.164225	0.199335	2.708305	)
(	14.164225	0.199335	2.670205	)
(	13.835775	0.199335	3.051245	)
(	13.835775	0.199335	3.013145	)
(	13.835775	0.199335	2.975005	)
(	13.835775	0.199335	2.936905	)
(	13.835775	0.199335	2.822605	)
(	13.835775	0.199335	2.784505	)
(	13.835775	0.199335	2.746405	)
(	13.835775	0.199335	2.708305	)
(	13.835775	0.199335	2.670205	)
(	14.167405	0.199275	3.336995	)
(	14.167405	0.199275	3.317945	)
(	14.167405	0.199275	3.298895	)
(	14.167405	0.199275	3.279845	)
(	14.167405	0.199275	3.260795	)
(	14.167405	0.199275	3.241745	)
(	14.167405	0.199275	3.222795	)
(	14.167405	0.199275	3.203645	)
(	14.167405	0.199275	3.184595	)
(	14.167405	0.199275	3.165545	)
(	13.832595	0.199275	3.336995	)
(	13.832595	0.199275	3.317945	)
(	13.832595	0.199275	3.298895	)
(	13.832595	0.199275	3.279845	)
(	13.832595	0.199275	3.260795	)
(	13.832595	0.199275	3.241745	)
(	13.832595	0.199275	3.222795	)
(	13.832595	0.199275	3.203645	)
(	13.832595	0.199275	3.184595	)
(	13.832595	0.199275	3.165545	)
(	14.180105	0.199005	3.336995	)
(	14.180105	0.199005	3.317945	)
(	14.180105	0.199005	3.298895	)
(	14.180105	0.199005	3.279845	)
(	14.180105	0.199005	3.260795	)
(	14.180105	0.199005	3.241745	)
(	14.180105	0.199005	3.222795	)
(	14.180105	0.199005	3.203645	)
(	14.180105	0.199005	3.184595	)
(	14.180105	0.199005	3.165545	)
(	14.180105	0.199005	3.127445	)
(	14.180105	0.199005	3.112875	)
(	14.180105	0.199005	2.887125	)
(	13.819895	0.199005	3.336995	)
(	13.819895	0.199005	3.317945	)
(	13.819895	0.199005	3.298895	)
(	13.819895	0.199005	3.279845	)
(	13.819895	0.199005	3.260795	)
(	13.819895	0.199005	3.241745	)
(	13.819895	0.199005	3.222795	)
(	13.819895	0.199005	3.203645	)
(	13.819895	0.199005	3.184595	)
(	13.819895	0.199005	3.165545	)
(	13.819895	0.199005	3.127445	)
(	13.819895	0.199005	3.112875	)
(	13.819895	0.199005	2.887125	)
(	14.192795	0.198745	3.336995	)
(	14.192795	0.198745	3.317945	)
(	14.192795	0.198745	3.298895	)
(	14.192795	0.198745	3.279845	)
(	14.192795	0.198745	3.260795	)
(	14.192795	0.198745	3.241745	)
(	14.192795	0.198745	3.222795	)
(	14.192795	0.198745	3.203645	)
(	14.192795	0.198745	3.184595	)
(	14.192795	0.198745	3.165545	)
(	13.807205	0.198745	3.336995	)
(	13.807205	0.198745	3.317945	)
(	13.807205	0.198745	3.298895	)
(	13.807205	0.198745	3.279845	)
(	13.807205	0.198745	3.260795	)
(	13.807205	0.198745	3.241745	)
(	13.807205	0.198745	3.222795	)
(	13.807205	0.198745	3.203645	)
(	13.807205	0.198745	3.184595	)
(	13.807205	0.198745	3.165545	)
(	14.199145	0.198615	3.112875	)
(	14.199145	0.198615	2.887125	)
(	13.800855	0.198615	3.112875	)
(	13.800855	0.198615	2.887125	)
(	14.202325	0.198545	3.051245	)
(	14.202325	0.198545	3.013145	)
(	14.202325	0.198545	2.975005	)
(	14.202325	0.198545	2.936905	)
(	14.202325	0.198545	2.822605	)
(	14.202325	0.198545	2.784505	)
(	14.202325	0.198545	2.746405	)
(	14.202325	0.198545	2.708305	)
(	14.202325	0.198545	2.670205	)
(	13.797675	0.198545	3.051245	)
(	13.797675	0.198545	3.013145	)
(	13.797675	0.198545	2.975005	)
(	13.797675	0.198545	2.936905	)
(	13.797675	0.198545	2.822605	)
(	13.797675	0.198545	2.784505	)
(	13.797675	0.198545	2.746405	)
(	13.797675	0.198545	2.708305	)
(	13.797675	0.198545	2.670205	)
(	14.205495	0.198475	3.336995	)
(	14.205495	0.198475	3.317945	)
(	14.205495	0.198475	3.298895	)
(	14.205495	0.198475	3.279845	)
(	14.205495	0.198475	3.260795	)
(	14.205495	0.198475	3.241745	)
(	14.205495	0.198475	3.222795	)
(	14.205495	0.198475	3.203645	)
(	14.205495	0.198475	3.184595	)
(	14.205495	0.198475	3.165545	)
(	13.794505	0.198475	3.336995	)
(	13.794505	0.198475	3.317945	)
(	13.794505	0.198475	3.298895	)
(	13.794505	0.198475	3.279845	)
(	13.794505	0.198475	3.260795	)
(	13.794505	0.198475	3.241745	)
(	13.794505	0.198475	3.222795	)
(	13.794505	0.198475	3.203645	)
(	13.794505	0.198475	3.184595	)
(	13.794505	0.198475	3.165545	)
(	14.218195	0.198215	3.336995	)
(	14.218195	0.198215	3.317945	)
(	14.218195	0.198215	3.298895	)
(	14.218195	0.198215	3.279845	)
(	14.218195	0.198215	3.260795	)
(	14.218195	0.198215	3.241745	)
(	14.218195	0.198215	3.222795	)
(	14.218195	0.198215	3.203645	)
(	14.218195	0.198215	3.184595	)
(	14.218195	0.198215	3.165545	)
(	14.218195	0.198215	3.127445	)
(	14.218195	0.198215	3.112875	)
(	14.218195	0.198215	2.887125	)
(	13.781805	0.198215	3.336995	)
(	13.781805	0.198215	3.317945	)
(	13.781805	0.198215	3.298895	)
(	13.781805	0.198215	3.279845	)
(	13.781805	0.198215	3.260795	)
(	13.781805	0.198215	3.241745	)
(	13.781805	0.198215	3.222795	)
(	13.781805	0.198215	3.203645	)
(	13.781805	0.198215	3.184595	)
(	13.781805	0.198215	3.165545	)
(	13.781805	0.198215	3.127445	)
(	13.781805	0.198215	3.112875	)
(	13.781805	0.198215	2.887125	)
(	14.008555	0.202575	3.112875	)  //these 4 probes weren't working. So I changed the height.
(	14.008555	0.202575	2.887125	)
(	14.046645	0.201785	3.112875	)
(	14.046645	0.201785	2.887125	)

            
        );

};

WindWard_Wall
    {
        
                type            probes;
        libs            ("libsampling.so");
        enabled         true;
        writeControl   timeStep;
        writeInterval  20;  //deltaT*writeInterval=0.02, this should make the probes to write U at every time step

        fields
        (
            U p
        );
        
        
        
        probeLocations //locations to be probed
        (

(	13.764000	0.010000	2.660000	)
(	13.764000	0.030000	2.660000	)
(	13.764000	0.050000	2.660000	)
(	13.764000	0.070000	2.660000	)
(	13.764000	0.090000	2.660000	)
(	13.764000	0.110000	2.660000	)
(	13.764000	0.130000	2.660000	)
(	13.764000	0.150000	2.660000	)
(	13.764000	0.170000	2.660000	)
(	13.764000	0.190000	2.660000	)
(	13.764000	0.010000	2.705000	)
(	13.764000	0.030000	2.705000	)
(	13.764000	0.050000	2.705000	)
(	13.764000	0.070000	2.705000	)
(	13.764000	0.090000	2.705000	)
(	13.764000	0.110000	2.705000	)
(	13.764000	0.130000	2.705000	)
(	13.764000	0.150000	2.705000	)
(	13.764000	0.170000	2.705000	)
(	13.764000	0.190000	2.705000	)
(	13.764000	0.010000	2.750000	)
(	13.764000	0.030000	2.750000	)
(	13.764000	0.050000	2.750000	)
(	13.764000	0.070000	2.750000	)
(	13.764000	0.090000	2.750000	)
(	13.764000	0.110000	2.750000	)
(	13.764000	0.130000	2.750000	)
(	13.764000	0.150000	2.750000	)
(	13.764000	0.170000	2.750000	)
(	13.764000	0.190000	2.750000	)
(	13.764000	0.010000	2.795000	)
(	13.764000	0.030000	2.795000	)
(	13.764000	0.050000	2.795000	)
(	13.764000	0.070000	2.795000	)
(	13.764000	0.090000	2.795000	)
(	13.764000	0.110000	2.795000	)
(	13.764000	0.130000	2.795000	)
(	13.764000	0.150000	2.795000	)
(	13.764000	0.170000	2.795000	)
(	13.764000	0.190000	2.795000	)
(	13.764000	0.010000	2.840000	)
(	13.764000	0.030000	2.840000	)
(	13.764000	0.050000	2.840000	)
(	13.764000	0.070000	2.840000	)
(	13.764000	0.090000	2.840000	)
(	13.764000	0.110000	2.840000	)
(	13.764000	0.130000	2.840000	)
(	13.764000	0.150000	2.840000	)
(	13.764000	0.170000	2.840000	)
(	13.764000	0.190000	2.840000	)
(	13.764000	0.010000	2.885000	)
(	13.764000	0.030000	2.885000	)
(	13.764000	0.050000	2.885000	)
(	13.764000	0.070000	2.885000	)
(	13.764000	0.090000	2.885000	)
(	13.764000	0.110000	2.885000	)
(	13.764000	0.130000	2.885000	)
(	13.764000	0.150000	2.885000	)
(	13.764000	0.170000	2.885000	)
(	13.764000	0.190000	2.885000	)
(	13.764000	0.010000	2.930000	)
(	13.764000	0.030000	2.930000	)
(	13.764000	0.050000	2.930000	)
(	13.764000	0.070000	2.930000	)
(	13.764000	0.090000	2.930000	)
(	13.764000	0.110000	2.930000	)
(	13.764000	0.130000	2.930000	)
(	13.764000	0.150000	2.930000	)
(	13.764000	0.170000	2.930000	)
(	13.764000	0.190000	2.930000	)
(	13.764000	0.010000	2.975000	)
(	13.764000	0.030000	2.975000	)
(	13.764000	0.050000	2.975000	)
(	13.764000	0.070000	2.975000	)
(	13.764000	0.090000	2.975000	)
(	13.764000	0.110000	2.975000	)
(	13.764000	0.130000	2.975000	)
(	13.764000	0.150000	2.975000	)
(	13.764000	0.170000	2.975000	)
(	13.764000	0.190000	2.975000	)
(	13.764000	0.010000	3.020000	)
(	13.764000	0.030000	3.020000	)
(	13.764000	0.050000	3.020000	)
(	13.764000	0.070000	3.020000	)
(	13.764000	0.090000	3.020000	)
(	13.764000	0.110000	3.020000	)
(	13.764000	0.130000	3.020000	)
(	13.764000	0.150000	3.020000	)
(	13.764000	0.170000	3.020000	)
(	13.764000	0.190000	3.020000	)
(	13.764000	0.010000	3.065000	)
(	13.764000	0.030000	3.065000	)
(	13.764000	0.050000	3.065000	)
(	13.764000	0.070000	3.065000	)
(	13.764000	0.090000	3.065000	)
(	13.764000	0.110000	3.065000	)
(	13.764000	0.130000	3.065000	)
(	13.764000	0.150000	3.065000	)
(	13.764000	0.170000	3.065000	)
(	13.764000	0.190000	3.065000	)
(	13.764000	0.010000	3.110000	)
(	13.764000	0.030000	3.110000	)
(	13.764000	0.050000	3.110000	)
(	13.764000	0.070000	3.110000	)
(	13.764000	0.090000	3.110000	)
(	13.764000	0.110000	3.110000	)
(	13.764000	0.130000	3.110000	)
(	13.764000	0.150000	3.110000	)
(	13.764000	0.170000	3.110000	)
(	13.764000	0.190000	3.110000	)
(	13.764000	0.010000	3.155000	)
(	13.764000	0.030000	3.155000	)
(	13.764000	0.050000	3.155000	)
(	13.764000	0.070000	3.155000	)
(	13.764000	0.090000	3.155000	)
(	13.764000	0.110000	3.155000	)
(	13.764000	0.130000	3.155000	)
(	13.764000	0.150000	3.155000	)
(	13.764000	0.170000	3.155000	)
(	13.764000	0.190000	3.155000	)
(	13.764000	0.010000	3.200000	)
(	13.764000	0.030000	3.200000	)
(	13.764000	0.050000	3.200000	)
(	13.764000	0.070000	3.200000	)
(	13.764000	0.090000	3.200000	)
(	13.764000	0.110000	3.200000	)
(	13.764000	0.130000	3.200000	)
(	13.764000	0.150000	3.200000	)
(	13.764000	0.170000	3.200000	)
(	13.764000	0.190000	3.200000	)
(	13.764000	0.010000	3.245000	)
(	13.764000	0.030000	3.245000	)
(	13.764000	0.050000	3.245000	)
(	13.764000	0.070000	3.245000	)
(	13.764000	0.090000	3.245000	)
(	13.764000	0.110000	3.245000	)
(	13.764000	0.130000	3.245000	)
(	13.764000	0.150000	3.245000	)
(	13.764000	0.170000	3.245000	)
(	13.764000	0.190000	3.245000	)
(	13.764000	0.010000	3.290000	)
(	13.764000	0.030000	3.290000	)
(	13.764000	0.050000	3.290000	)
(	13.764000	0.070000	3.290000	)
(	13.764000	0.090000	3.290000	)
(	13.764000	0.110000	3.290000	)
(	13.764000	0.130000	3.290000	)
(	13.764000	0.150000	3.290000	)
(	13.764000	0.170000	3.290000	)
(	13.764000	0.190000	3.290000	)
(	13.764000	0.010000	3.335000	)
(	13.764000	0.030000	3.335000	)
(	13.764000	0.050000	3.335000	)
(	13.764000	0.070000	3.335000	)
(	13.764000	0.090000	3.335000	)
(	13.764000	0.110000	3.335000	)
(	13.764000	0.130000	3.335000	)
(	13.764000	0.150000	3.335000	)
(	13.764000	0.170000	3.335000	)
(	13.764000	0.190000	3.335000	)

	);

};

LeeWard_Walls
    {
        
                type            probes;
        libs            ("libsampling.so");
        enabled         true;
        writeControl   timeStep;
        writeInterval  20;  //deltaT*writeInterval=0.02, this should make the probes to write U at every time step

        fields
        (
            U p
        );
        
        
        
        probeLocations //locations to be probed
        (


(	14.239000	0.010000	2.660000	)
(	14.239000	0.030000	2.660000	)
(	14.239000	0.050000	2.660000	)
(	14.239000	0.070000	2.660000	)
(	14.239000	0.090000	2.660000	)
(	14.239000	0.110000	2.660000	)
(	14.239000	0.130000	2.660000	)
(	14.239000	0.150000	2.660000	)
(	14.239000	0.170000	2.660000	)
(	14.239000	0.190000	2.660000	)
(	14.239000	0.010000	2.705000	)
(	14.239000	0.030000	2.705000	)
(	14.239000	0.050000	2.705000	)
(	14.239000	0.070000	2.705000	)
(	14.239000	0.090000	2.705000	)
(	14.239000	0.110000	2.705000	)
(	14.239000	0.130000	2.705000	)
(	14.239000	0.150000	2.705000	)
(	14.239000	0.170000	2.705000	)
(	14.239000	0.190000	2.705000	)
(	14.239000	0.010000	2.750000	)
(	14.239000	0.030000	2.750000	)
(	14.239000	0.050000	2.750000	)
(	14.239000	0.070000	2.750000	)
(	14.239000	0.090000	2.750000	)
(	14.239000	0.110000	2.750000	)
(	14.239000	0.130000	2.750000	)
(	14.239000	0.150000	2.750000	)
(	14.239000	0.170000	2.750000	)
(	14.239000	0.190000	2.750000	)
(	14.239000	0.010000	2.795000	)
(	14.239000	0.030000	2.795000	)
(	14.239000	0.050000	2.795000	)
(	14.239000	0.070000	2.795000	)
(	14.239000	0.090000	2.795000	)
(	14.239000	0.110000	2.795000	)
(	14.239000	0.130000	2.795000	)
(	14.239000	0.150000	2.795000	)
(	14.239000	0.170000	2.795000	)
(	14.239000	0.190000	2.795000	)
(	14.239000	0.010000	2.840000	)
(	14.239000	0.030000	2.840000	)
(	14.239000	0.050000	2.840000	)
(	14.239000	0.070000	2.840000	)
(	14.239000	0.090000	2.840000	)
(	14.239000	0.110000	2.840000	)
(	14.239000	0.130000	2.840000	)
(	14.239000	0.150000	2.840000	)
(	14.239000	0.170000	2.840000	)
(	14.239000	0.190000	2.840000	)
(	14.239000	0.010000	2.885000	)
(	14.239000	0.030000	2.885000	)
(	14.239000	0.050000	2.885000	)
(	14.239000	0.070000	2.885000	)
(	14.239000	0.090000	2.885000	)
(	14.239000	0.110000	2.885000	)
(	14.239000	0.130000	2.885000	)
(	14.239000	0.150000	2.885000	)
(	14.239000	0.170000	2.885000	)
(	14.239000	0.190000	2.885000	)
(	14.239000	0.010000	2.930000	)
(	14.239000	0.030000	2.930000	)
(	14.239000	0.050000	2.930000	)
(	14.239000	0.070000	2.930000	)
(	14.239000	0.090000	2.930000	)
(	14.239000	0.110000	2.930000	)
(	14.239000	0.130000	2.930000	)
(	14.239000	0.150000	2.930000	)
(	14.239000	0.170000	2.930000	)
(	14.239000	0.190000	2.930000	)
(	14.239000	0.010000	2.975000	)
(	14.239000	0.030000	2.975000	)
(	14.239000	0.050000	2.975000	)
(	14.239000	0.070000	2.975000	)
(	14.239000	0.090000	2.975000	)
(	14.239000	0.110000	2.975000	)
(	14.239000	0.130000	2.975000	)
(	14.239000	0.150000	2.975000	)
(	14.239000	0.170000	2.975000	)
(	14.239000	0.190000	2.975000	)
(	14.239000	0.010000	3.020000	)
(	14.239000	0.030000	3.020000	)
(	14.239000	0.050000	3.020000	)
(	14.239000	0.070000	3.020000	)
(	14.239000	0.090000	3.020000	)
(	14.239000	0.110000	3.020000	)
(	14.239000	0.130000	3.020000	)
(	14.239000	0.150000	3.020000	)
(	14.239000	0.170000	3.020000	)
(	14.239000	0.190000	3.020000	)
(	14.239000	0.010000	3.065000	)
(	14.239000	0.030000	3.065000	)
(	14.239000	0.050000	3.065000	)
(	14.239000	0.070000	3.065000	)
(	14.239000	0.090000	3.065000	)
(	14.239000	0.110000	3.065000	)
(	14.239000	0.130000	3.065000	)
(	14.239000	0.150000	3.065000	)
(	14.239000	0.170000	3.065000	)
(	14.239000	0.190000	3.065000	)
(	14.239000	0.010000	3.110000	)
(	14.239000	0.030000	3.110000	)
(	14.239000	0.050000	3.110000	)
(	14.239000	0.070000	3.110000	)
(	14.239000	0.090000	3.110000	)
(	14.239000	0.110000	3.110000	)
(	14.239000	0.130000	3.110000	)
(	14.239000	0.150000	3.110000	)
(	14.239000	0.170000	3.110000	)
(	14.239000	0.190000	3.110000	)
(	14.239000	0.010000	3.155000	)
(	14.239000	0.030000	3.155000	)
(	14.239000	0.050000	3.155000	)
(	14.239000	0.070000	3.155000	)
(	14.239000	0.090000	3.155000	)
(	14.239000	0.110000	3.155000	)
(	14.239000	0.130000	3.155000	)
(	14.239000	0.150000	3.155000	)
(	14.239000	0.170000	3.155000	)
(	14.239000	0.190000	3.155000	)
(	14.239000	0.010000	3.200000	)
(	14.239000	0.030000	3.200000	)
(	14.239000	0.050000	3.200000	)
(	14.239000	0.070000	3.200000	)
(	14.239000	0.090000	3.200000	)
(	14.239000	0.110000	3.200000	)
(	14.239000	0.130000	3.200000	)
(	14.239000	0.150000	3.200000	)
(	14.239000	0.170000	3.200000	)
(	14.239000	0.190000	3.200000	)
(	14.239000	0.010000	3.245000	)
(	14.239000	0.030000	3.245000	)
(	14.239000	0.050000	3.245000	)
(	14.239000	0.070000	3.245000	)
(	14.239000	0.090000	3.245000	)
(	14.239000	0.110000	3.245000	)
(	14.239000	0.130000	3.245000	)
(	14.239000	0.150000	3.245000	)
(	14.239000	0.170000	3.245000	)
(	14.239000	0.190000	3.245000	)
(	14.239000	0.010000	3.290000	)
(	14.239000	0.030000	3.290000	)
(	14.239000	0.050000	3.290000	)
(	14.239000	0.070000	3.290000	)
(	14.239000	0.090000	3.290000	)
(	14.239000	0.110000	3.290000	)
(	14.239000	0.130000	3.290000	)
(	14.239000	0.150000	3.290000	)
(	14.239000	0.170000	3.290000	)
(	14.239000	0.190000	3.290000	)
(	14.239000	0.010000	3.335000	)
(	14.239000	0.030000	3.335000	)
(	14.239000	0.050000	3.335000	)
(	14.239000	0.070000	3.335000	)
(	14.239000	0.090000	3.335000	)
(	14.239000	0.110000	3.335000	)
(	14.239000	0.130000	3.335000	)
(	14.239000	0.150000	3.335000	)
(	14.239000	0.170000	3.335000	)
(	14.239000	0.190000	3.335000	)

	);

};

North_side_wall
    {
        
                type            probes;
        libs            ("libsampling.so");
        enabled         true;
        writeControl   timeStep;
        writeInterval  20;  //deltaT*writeInterval=0.02, this should make the probes to write U at every time step

        fields
        (
            U p
        );
        
        
        
        probeLocations //locations to be probed
        (


(	13.785000	0.010000	2.639000	)
(	13.785000	0.030000	2.639000	)
(	13.785000	0.050000	2.639000	)
(	13.785000	0.070000	2.639000	)
(	13.785000	0.090000	2.639000	)
(	13.785000	0.110000	2.639000	)
(	13.785000	0.130000	2.639000	)
(	13.785000	0.150000	2.639000	)
(	13.785000	0.170000	2.639000	)
(	13.785000	0.190000	2.639000	)
(	13.828300	0.010000	2.639000	)
(	13.828300	0.030000	2.639000	)
(	13.828300	0.050000	2.639000	)
(	13.828300	0.070000	2.639000	)
(	13.828300	0.090000	2.639000	)
(	13.828300	0.110000	2.639000	)
(	13.828300	0.130000	2.639000	)
(	13.828300	0.150000	2.639000	)
(	13.828300	0.170000	2.639000	)
(	13.828300	0.190000	2.639000	)
(	13.871600	0.010000	2.639000	)
(	13.871600	0.030000	2.639000	)
(	13.871600	0.050000	2.639000	)
(	13.871600	0.070000	2.639000	)
(	13.871600	0.090000	2.639000	)
(	13.871600	0.110000	2.639000	)
(	13.871600	0.130000	2.639000	)
(	13.871600	0.150000	2.639000	)
(	13.871600	0.170000	2.639000	)
(	13.871600	0.190000	2.639000	)
(	13.914900	0.010000	2.639000	)
(	13.914900	0.030000	2.639000	)
(	13.914900	0.050000	2.639000	)
(	13.914900	0.070000	2.639000	)
(	13.914900	0.090000	2.639000	)
(	13.914900	0.110000	2.639000	)
(	13.914900	0.130000	2.639000	)
(	13.914900	0.150000	2.639000	)
(	13.914900	0.170000	2.639000	)
(	13.914900	0.190000	2.639000	)
(	13.958200	0.010000	2.639000	)
(	13.958200	0.030000	2.639000	)
(	13.958200	0.050000	2.639000	)
(	13.958200	0.070000	2.639000	)
(	13.958200	0.090000	2.639000	)
(	13.958200	0.110000	2.639000	)
(	13.958200	0.130000	2.639000	)
(	13.958200	0.150000	2.639000	)
(	13.958200	0.170000	2.639000	)
(	13.958200	0.190000	2.639000	)
(	14.001500	0.010000	2.639000	)
(	14.001500	0.030000	2.639000	)
(	14.001500	0.050000	2.639000	)
(	14.001500	0.070000	2.639000	)
(	14.001500	0.090000	2.639000	)
(	14.001500	0.110000	2.639000	)
(	14.001500	0.130000	2.639000	)
(	14.001500	0.150000	2.639000	)
(	14.001500	0.170000	2.639000	)
(	14.001500	0.190000	2.639000	)
(	14.044800	0.010000	2.639000	)
(	14.044800	0.030000	2.639000	)
(	14.044800	0.050000	2.639000	)
(	14.044800	0.070000	2.639000	)
(	14.044800	0.090000	2.639000	)
(	14.044800	0.110000	2.639000	)
(	14.044800	0.130000	2.639000	)
(	14.044800	0.150000	2.639000	)
(	14.044800	0.170000	2.639000	)
(	14.044800	0.190000	2.639000	)
(	14.088100	0.010000	2.639000	)
(	14.088100	0.030000	2.639000	)
(	14.088100	0.050000	2.639000	)
(	14.088100	0.070000	2.639000	)
(	14.088100	0.090000	2.639000	)
(	14.088100	0.110000	2.639000	)
(	14.088100	0.130000	2.639000	)
(	14.088100	0.150000	2.639000	)
(	14.088100	0.170000	2.639000	)
(	14.088100	0.190000	2.639000	)
(	14.131400	0.010000	2.639000	)
(	14.131400	0.030000	2.639000	)
(	14.131400	0.050000	2.639000	)
(	14.131400	0.070000	2.639000	)
(	14.131400	0.090000	2.639000	)
(	14.131400	0.110000	2.639000	)
(	14.131400	0.130000	2.639000	)
(	14.131400	0.150000	2.639000	)
(	14.131400	0.170000	2.639000	)
(	14.131400	0.190000	2.639000	)
(	14.174700	0.010000	2.639000	)
(	14.174700	0.030000	2.639000	)
(	14.174700	0.050000	2.639000	)
(	14.174700	0.070000	2.639000	)
(	14.174700	0.090000	2.639000	)
(	14.174700	0.110000	2.639000	)
(	14.174700	0.130000	2.639000	)
(	14.174700	0.150000	2.639000	)
(	14.174700	0.170000	2.639000	)
(	14.174700	0.190000	2.639000	)
(	14.218000	0.010000	2.639000	)
(	14.218000	0.030000	2.639000	)
(	14.218000	0.050000	2.639000	)
(	14.218000	0.070000	2.639000	)
(	14.218000	0.090000	2.639000	)
(	14.218000	0.110000	2.639000	)
(	14.218000	0.130000	2.639000	)
(	14.218000	0.150000	2.639000	)
(	14.218000	0.170000	2.639000	)
(	14.218000	0.190000	2.639000	)
 
	);

};

South_side_wall
    {
        
                type            probes;
        libs            ("libsampling.so");
        enabled         true;
        writeControl   timeStep;
        writeInterval  20;  //deltaT*writeInterval=0.02, this should make the probes to write U at every time step

        fields
        (
            U p
        );
        
        
        
        probeLocations //locations to be probed
        (


(	13.785000	0.010000	3.356000	)
(	13.785000	0.030000	3.356000	)
(	13.785000	0.050000	3.356000	)
(	13.785000	0.070000	3.356000	)
(	13.785000	0.090000	3.356000	)
(	13.785000	0.110000	3.356000	)
(	13.785000	0.130000	3.356000	)
(	13.785000	0.150000	3.356000	)
(	13.785000	0.170000	3.356000	)
(	13.785000	0.190000	3.356000	)
(	13.828300	0.010000	3.356000	)
(	13.828300	0.030000	3.356000	)
(	13.828300	0.050000	3.356000	)
(	13.828300	0.070000	3.356000	)
(	13.828300	0.090000	3.356000	)
(	13.828300	0.110000	3.356000	)
(	13.828300	0.130000	3.356000	)
(	13.828300	0.150000	3.356000	)
(	13.828300	0.170000	3.356000	)
(	13.828300	0.190000	3.356000	)
(	13.871600	0.010000	3.356000	)
(	13.871600	0.030000	3.356000	)
(	13.871600	0.050000	3.356000	)
(	13.871600	0.070000	3.356000	)
(	13.871600	0.090000	3.356000	)
(	13.871600	0.110000	3.356000	)
(	13.871600	0.130000	3.356000	)
(	13.871600	0.150000	3.356000	)
(	13.871600	0.170000	3.356000	)
(	13.871600	0.190000	3.356000	)
(	13.914900	0.010000	3.356000	)
(	13.914900	0.030000	3.356000	)
(	13.914900	0.050000	3.356000	)
(	13.914900	0.070000	3.356000	)
(	13.914900	0.090000	3.356000	)
(	13.914900	0.110000	3.356000	)
(	13.914900	0.130000	3.356000	)
(	13.914900	0.150000	3.356000	)
(	13.914900	0.170000	3.356000	)
(	13.914900	0.190000	3.356000	)
(	13.958200	0.010000	3.356000	)
(	13.958200	0.030000	3.356000	)
(	13.958200	0.050000	3.356000	)
(	13.958200	0.070000	3.356000	)
(	13.958200	0.090000	3.356000	)
(	13.958200	0.110000	3.356000	)
(	13.958200	0.130000	3.356000	)
(	13.958200	0.150000	3.356000	)
(	13.958200	0.170000	3.356000	)
(	13.958200	0.190000	3.356000	)
(	14.001500	0.010000	3.356000	)
(	14.001500	0.030000	3.356000	)
(	14.001500	0.050000	3.356000	)
(	14.001500	0.070000	3.356000	)
(	14.001500	0.090000	3.356000	)
(	14.001500	0.110000	3.356000	)
(	14.001500	0.130000	3.356000	)
(	14.001500	0.150000	3.356000	)
(	14.001500	0.170000	3.356000	)
(	14.001500	0.190000	3.356000	)
(	14.044800	0.010000	3.356000	)
(	14.044800	0.030000	3.356000	)
(	14.044800	0.050000	3.356000	)
(	14.044800	0.070000	3.356000	)
(	14.044800	0.090000	3.356000	)
(	14.044800	0.110000	3.356000	)
(	14.044800	0.130000	3.356000	)
(	14.044800	0.150000	3.356000	)
(	14.044800	0.170000	3.356000	)
(	14.044800	0.190000	3.356000	)
(	14.088100	0.010000	3.356000	)
(	14.088100	0.030000	3.356000	)
(	14.088100	0.050000	3.356000	)
(	14.088100	0.070000	3.356000	)
(	14.088100	0.090000	3.356000	)
(	14.088100	0.110000	3.356000	)
(	14.088100	0.130000	3.356000	)
(	14.088100	0.150000	3.356000	)
(	14.088100	0.170000	3.356000	)
(	14.088100	0.190000	3.356000	)
(	14.131400	0.010000	3.356000	)
(	14.131400	0.030000	3.356000	)
(	14.131400	0.050000	3.356000	)
(	14.131400	0.070000	3.356000	)
(	14.131400	0.090000	3.356000	)
(	14.131400	0.110000	3.356000	)
(	14.131400	0.130000	3.356000	)
(	14.131400	0.150000	3.356000	)
(	14.131400	0.170000	3.356000	)
(	14.131400	0.190000	3.356000	)
(	14.174700	0.010000	3.356000	)
(	14.174700	0.030000	3.356000	)
(	14.174700	0.050000	3.356000	)
(	14.174700	0.070000	3.356000	)
(	14.174700	0.090000	3.356000	)
(	14.174700	0.110000	3.356000	)
(	14.174700	0.130000	3.356000	)
(	14.174700	0.150000	3.356000	)
(	14.174700	0.170000	3.356000	)
(	14.174700	0.190000	3.356000	)
(	14.218000	0.010000	3.356000	)
(	14.218000	0.030000	3.356000	)
(	14.218000	0.050000	3.356000	)
(	14.218000	0.070000	3.356000	)
(	14.218000	0.090000	3.356000	)
(	14.218000	0.110000	3.356000	)
(	14.218000	0.130000	3.356000	)
(	14.218000	0.150000	3.356000	)
(	14.218000	0.170000	3.356000	)
(	14.218000	0.190000	3.356000	)

	);

};

   Roof_WERFL
    {
        
                type            probes;
        libs            ("libsampling.so");
        enabled         true;
        writeControl   timeStep;
        writeInterval  20;  //deltaT*writeInterval=0.02, this should make the probes to write U at every time step

        fields
        (
            U p
        );
        
        
        
        probeLocations //locations to be probed
        (
 
(	13.991315	0.202575	2.887125	)
(	13.991315	0.202575	3.112875	)
(	14.011865	0.202515	2.682055	)
(	14.011865	0.202515	2.720155	)
(	14.011865	0.202515	2.758255	)
(	14.011865	0.202515	2.796355	)
(	14.011865	0.202515	2.834455	)
(	14.011865	0.202515	2.948755	)
(	14.011865	0.202515	2.986855	)
(	14.011865	0.202515	3.024995	)
(	14.011865	0.202515	3.063095	)
(	14.011865	0.202515	3.177395	)
(	14.011865	0.202515	3.215495	)
(	14.011865	0.202515	3.253595	)
(	14.011865	0.202515	3.291695	)
(	14.011865	0.202515	3.329795	)
(	13.988135	0.202515	2.682055	)
(	13.988135	0.202515	2.720155	)
(	13.988135	0.202515	2.758255	)
(	13.988135	0.202515	2.796355	)
(	13.988135	0.202515	2.834455	)
(	13.988135	0.202515	2.948755	)
(	13.988135	0.202515	2.986855	)
(	13.988135	0.202515	3.024995	)
(	13.988135	0.202515	3.063095	)
(	13.988135	0.202515	3.177395	)
(	13.988135	0.202515	3.215495	)
(	13.988135	0.202515	3.253595	)
(	13.988135	0.202515	3.291695	)
(	13.988135	0.202515	3.329795	)
(	13.950225	0.201785	2.887125	)
(	13.950225	0.201785	3.112875	)
(	14.049955	0.201715	2.682055	)
(	14.049955	0.201715	2.720155	)
(	14.049955	0.201715	2.758255	)
(	14.049955	0.201715	2.796355	)
(	14.049955	0.201715	2.834455	)
(	14.049955	0.201715	2.948755	)
(	14.049955	0.201715	2.986855	)
(	14.049955	0.201715	3.024995	)
(	14.049955	0.201715	3.063095	)
(	14.049955	0.201715	3.177395	)
(	14.049955	0.201715	3.215495	)
(	14.049955	0.201715	3.253595	)
(	14.049955	0.201715	3.291695	)
(	14.049955	0.201715	3.329795	)
(	13.950045	0.201715	2.682055	)
(	13.950045	0.201715	2.720155	)
(	13.950045	0.201715	2.758255	)
(	13.950045	0.201715	2.796355	)
(	13.950045	0.201715	2.834455	)
(	13.950045	0.201715	2.948755	)
(	13.950045	0.201715	2.986855	)
(	13.950045	0.201715	3.024995	)
(	13.950045	0.201715	3.063095	)
(	13.950045	0.201715	3.177395	)
(	13.950045	0.201715	3.215495	)
(	13.950045	0.201715	3.253595	)
(	13.950045	0.201715	3.291695	)
(	13.950045	0.201715	3.329795	)
(	14.079215	0.201105	2.663005	)
(	14.079215	0.201105	2.682055	)
(	14.079215	0.201105	2.701105	)
(	14.079215	0.201105	2.720155	)
(	14.079215	0.201105	2.739205	)
(	14.079215	0.201105	2.758255	)
(	14.079215	0.201105	2.777205	)
(	14.079215	0.201105	2.796355	)
(	14.079215	0.201105	2.815405	)
(	14.079215	0.201105	2.834455	)
(	14.079215	0.201105	2.853505	)
(	14.079215	0.201105	2.872555	)
(	14.079215	0.201105	2.948755	)
(	14.079215	0.201105	2.986855	)
(	14.079215	0.201105	3.024995	)
(	14.079215	0.201105	3.063095	)
(	14.079215	0.201105	3.101195	)
(	14.079215	0.201105	3.139295	)
(	14.079215	0.201105	3.177395	)
(	14.079215	0.201105	3.215495	)
(	14.079215	0.201105	3.253595	)
(	14.079215	0.201105	3.291695	)
(	14.079215	0.201105	3.329795	)
(	13.920785	0.201105	2.663005	)
(	13.920785	0.201105	2.682055	)
(	13.920785	0.201105	2.701105	)
(	13.920785	0.201105	2.720155	)
(	13.920785	0.201105	2.739205	)
(	13.920785	0.201105	2.758255	)
(	13.920785	0.201105	2.777205	)
(	13.920785	0.201105	2.796355	)
(	13.920785	0.201105	2.815405	)
(	13.920785	0.201105	2.834455	)
(	13.920785	0.201105	2.872555	)
(	13.920785	0.201105	2.853505	)
(	13.920785	0.201105	2.948755	)
(	13.920785	0.201105	2.986855	)
(	13.920785	0.201105	3.024995	)
(	13.920785	0.201105	3.063095	)
(	13.920785	0.201105	3.101195	)
(	13.920785	0.201105	3.139295	)
(	13.920785	0.201105	3.177395	)
(	13.920785	0.201105	3.215495	)
(	13.920785	0.201105	3.253595	)
(	13.920785	0.201105	3.291695	)
(	13.920785	0.201105	3.329795	)
(	14.084875	0.200995	2.887125	)
(	14.084875	0.200995	3.112875	)
(	13.915125	0.200995	2.887125	)
(	13.915125	0.200995	3.112875	)
(	14.103915	0.200595	2.682055	)
(	14.103915	0.200595	2.720155	)
(	14.103915	0.200595	2.758255	)
(	14.103915	0.200595	2.796355	)
(	14.103915	0.200595	2.834455	)
(	14.103915	0.200595	2.872555	)
(	14.103915	0.200595	2.887125	)
(	14.103915	0.200595	3.112875	)
(	13.896085	0.200595	2.682055	)
(	13.896085	0.200595	2.720155	)
(	13.896085	0.200595	2.758255	)
(	13.896085	0.200595	2.796355	)
(	13.896085	0.200595	2.834455	)
(	13.896085	0.200595	2.872555	)
(	13.896085	0.200595	2.887125	)
(	13.896085	0.200595	3.112875	)
(	14.122965	0.200195	2.887125	)
(	14.122965	0.200195	3.112875	)
(	13.877035	0.200195	2.887125	)
(	13.877035	0.200195	3.112875	)
(	14.126135	0.200135	2.948755	)
(	14.126135	0.200135	2.986855	)
(	14.126135	0.200135	3.024995	)
(	14.126135	0.200135	3.063095	)
(	14.126135	0.200135	3.177395	)
(	14.126135	0.200135	3.215495	)
(	14.126135	0.200135	3.253595	)
(	14.126135	0.200135	3.291695	)
(	14.126135	0.200135	3.329795	)
(	13.873863	0.200135	2.948755	)
(	13.873863	0.200135	2.986855	)
(	13.873863	0.200135	3.024995	)
(	13.873863	0.200135	3.063095	)
(	13.873863	0.200135	3.177395	)
(	13.873863	0.200135	3.215495	)
(	13.873863	0.200135	3.253595	)
(	13.873863	0.200135	3.291695	)
(	13.873863	0.200135	3.329795	)
(	14.129315	0.200065	2.663005	)
(	14.129315	0.200065	2.682055	)
(	14.129315	0.200065	2.701105	)
(	14.129315	0.200065	2.720155	)
(	14.129315	0.200065	2.739205	)
(	14.129315	0.200065	2.758255	)
(	14.129315	0.200065	2.777205	)
(	14.129315	0.200065	2.796355	)
(	14.129315	0.200065	2.815405	)
(	14.129315	0.200065	2.834455	)
(	13.870685	0.200065	2.663005	)
(	13.870685	0.200065	2.682055	)
(	13.870685	0.200065	2.701105	)
(	13.870685	0.200065	2.720155	)
(	13.870685	0.200065	2.739205	)
(	13.870685	0.200065	2.758255	)
(	13.870685	0.200065	2.777205	)
(	13.870685	0.200065	2.796355	)
(	13.870685	0.200065	2.815405	)
(	13.870685	0.200065	2.834455	)
(	14.142005	0.199805	2.663005	)
(	14.142005	0.199805	2.682055	)
(	14.142005	0.199805	2.701105	)
(	14.142005	0.199805	2.720155	)
(	14.142005	0.199805	2.739205	)
(	14.142005	0.199805	2.758255	)
(	14.142005	0.199805	2.777205	)
(	14.142005	0.199805	2.796355	)
(	14.142005	0.199805	2.815405	)
(	14.142005	0.199805	2.834455	)
(	14.142005	0.199805	2.872555	)
(	14.142005	0.199805	2.887125	)
(	14.142005	0.199805	3.112875	)
(	13.857995	0.199805	2.663005	)
(	13.857995	0.199805	2.682055	)
(	13.857995	0.199805	2.701105	)
(	13.857995	0.199805	2.720155	)
(	13.857995	0.199805	2.739205	)
(	13.857995	0.199805	2.758255	)
(	13.857995	0.199805	2.777205	)
(	13.857995	0.199805	2.796355	)
(	13.857995	0.199805	2.815405	)
(	13.857995	0.199805	2.834455	)
(	13.857995	0.199805	2.872555	)
(	13.857995	0.199805	2.887125	)
(	13.857995	0.199805	3.112875	)
(	14.154705	0.199535	2.663005	)
(	14.154705	0.199535	2.682055	)
(	14.154705	0.199535	2.701105	)
(	14.154705	0.199535	2.720155	)
(	14.154705	0.199535	2.739205	)
(	14.154705	0.199535	2.758255	)
(	14.154705	0.199535	2.777205	)
(	14.154705	0.199535	2.796355	)
(	14.154705	0.199535	2.815405	)
(	14.154705	0.199535	2.834455	)
(	13.845295	0.199535	2.663005	)
(	13.845295	0.199535	2.682055	)
(	13.845295	0.199535	2.701105	)
(	13.845295	0.199535	2.720155	)
(	13.845295	0.199535	2.739205	)
(	13.845295	0.199535	2.758255	)
(	13.845295	0.199535	2.777205	)
(	13.845295	0.199535	2.796355	)
(	13.845295	0.199535	2.815405	)
(	13.845295	0.199535	2.834455	)
(	14.161055	0.199405	2.887125	)
(	14.161055	0.199405	3.112875	)
(	13.838945	0.199405	2.887125	)
(	13.838945	0.199405	3.112875	)
(	14.164225	0.199335	2.948755	)
(	14.164225	0.199335	2.986855	)
(	14.164225	0.199335	3.024995	)
(	14.164225	0.199335	3.063095	)
(	14.164225	0.199335	3.177395	)
(	14.164225	0.199335	3.215495	)
(	14.164225	0.199335	3.253595	)
(	14.164225	0.199335	3.291695	)
(	14.164225	0.199335	3.329795	)
(	13.835775	0.199335	2.948755	)
(	13.835775	0.199335	2.986855	)
(	13.835775	0.199335	3.024995	)
(	13.835775	0.199335	3.063095	)
(	13.835775	0.199335	3.177395	)
(	13.835775	0.199335	3.215495	)
(	13.835775	0.199335	3.253595	)
(	13.835775	0.199335	3.291695	)
(	13.835775	0.199335	3.329795	)
(	14.167405	0.199275	2.663005	)
(	14.167405	0.199275	2.682055	)
(	14.167405	0.199275	2.701105	)
(	14.167405	0.199275	2.720155	)
(	14.167405	0.199275	2.739205	)
(	14.167405	0.199275	2.758255	)
(	14.167405	0.199275	2.777205	)
(	14.167405	0.199275	2.796355	)
(	14.167405	0.199275	2.815405	)
(	14.167405	0.199275	2.834455	)
(	13.832595	0.199275	2.663005	)
(	13.832595	0.199275	2.682055	)
(	13.832595	0.199275	2.701105	)
(	13.832595	0.199275	2.720155	)
(	13.832595	0.199275	2.739205	)
(	13.832595	0.199275	2.758255	)
(	13.832595	0.199275	2.777205	)
(	13.832595	0.199275	2.796355	)
(	13.832595	0.199275	2.815405	)
(	13.832595	0.199275	2.834455	)
(	14.180105	0.199005	2.663005	)
(	14.180105	0.199005	2.682055	)
(	14.180105	0.199005	2.701105	)
(	14.180105	0.199005	2.720155	)
(	14.180105	0.199005	2.739205	)
(	14.180105	0.199005	2.758255	)
(	14.180105	0.199005	2.777205	)
(	14.180105	0.199005	2.796355	)
(	14.180105	0.199005	2.815405	)
(	14.180105	0.199005	2.834455	)
(	14.180105	0.199005	2.872555	)
(	14.180105	0.199005	2.887125	)
(	14.180105	0.199005	3.112875	)
(	13.819895	0.199005	2.663005	)
(	13.819895	0.199005	2.682055	)
(	13.819895	0.199005	2.701105	)
(	13.819895	0.199005	2.720155	)
(	13.819895	0.199005	2.739205	)
(	13.819895	0.199005	2.758255	)
(	13.819895	0.199005	2.777205	)
(	13.819895	0.199005	2.796355	)
(	13.819895	0.199005	2.815405	)
(	13.819895	0.199005	2.834455	)
(	13.819895	0.199005	2.872555	)
(	13.819895	0.199005	2.887125	)
(	13.819895	0.199005	3.112875	)
(	14.192795	0.198745	2.663005	)
(	14.192795	0.198745	2.682055	)
(	14.192795	0.198745	2.701105	)
(	14.192795	0.198745	2.720155	)
(	14.192795	0.198745	2.739205	)
(	14.192795	0.198745	2.758255	)
(	14.192795	0.198745	2.777205	)
(	14.192795	0.198745	2.796355	)
(	14.192795	0.198745	2.815405	)
(	14.192795	0.198745	2.834455	)
(	13.807205	0.198745	2.663005	)
(	13.807205	0.198745	2.682055	)
(	13.807205	0.198745	2.701105	)
(	13.807205	0.198745	2.720155	)
(	13.807205	0.198745	2.739205	)
(	13.807205	0.198745	2.758255	)
(	13.807205	0.198745	2.777205	)
(	13.807205	0.198745	2.796355	)
(	13.807205	0.198745	2.815405	)
(	13.807205	0.198745	2.834455	)
(	14.199145	0.198615	2.887125	)
(	14.199145	0.198615	3.112875	)
(	13.800855	0.198615	2.887125	)
(	13.800855	0.198615	3.112875	)
(	14.202325	0.198545	2.948755	)
(	14.202325	0.198545	2.986855	)
(	14.202325	0.198545	3.024995	)
(	14.202325	0.198545	3.063095	)
(	14.202325	0.198545	3.177395	)
(	14.202325	0.198545	3.215495	)
(	14.202325	0.198545	3.253595	)
(	14.202325	0.198545	3.291695	)
(	14.202325	0.198545	3.329795	)
(	13.797675	0.198545	2.948755	)
(	13.797675	0.198545	2.986855	)
(	13.797675	0.198545	3.024995	)
(	13.797675	0.198545	3.063095	)
(	13.797675	0.198545	3.177395	)
(	13.797675	0.198545	3.215495	)
(	13.797675	0.198545	3.253595	)
(	13.797675	0.198545	3.291695	)
(	13.797675	0.198545	3.329795	)
(	14.205495	0.198475	2.663005	)
(	14.205495	0.198475	2.682055	)
(	14.205495	0.198475	2.701105	)
(	14.205495	0.198475	2.720155	)
(	14.205495	0.198475	2.739205	)
(	14.205495	0.198475	2.758255	)
(	14.205495	0.198475	2.777205	)
(	14.205495	0.198475	2.796355	)
(	14.205495	0.198475	2.815405	)
(	14.205495	0.198475	2.834455	)
(	13.794505	0.198475	2.663005	)
(	13.794505	0.198475	2.682055	)
(	13.794505	0.198475	2.701105	)
(	13.794505	0.198475	2.720155	)
(	13.794505	0.198475	2.739205	)
(	13.794505	0.198475	2.758255	)
(	13.794505	0.198475	2.777205	)
(	13.794505	0.198475	2.796355	)
(	13.794505	0.198475	2.815405	)
(	13.794505	0.198475	2.834455	)
(	14.218195	0.198215	2.663005	)
(	14.218195	0.198215	2.682055	)
(	14.218195	0.198215	2.701105	)
(	14.218195	0.198215	2.720155	)
(	14.218195	0.198215	2.739205	)
(	14.218195	0.198215	2.758255	)
(	14.218195	0.198215	2.777205	)
(	14.218195	0.198215	2.796355	)
(	14.218195	0.198215	2.815405	)
(	14.218195	0.198215	2.834455	)
(	14.218195	0.198215	2.872555	)
(	14.218195	0.198215	2.887125	)
(	14.218195	0.198215	3.112875	)
(	13.781805	0.198215	2.663005	)
(	13.781805	0.198215	2.682055	)
(	13.781805	0.198215	2.701105	)
(	13.781805	0.198215	2.720155	)
(	13.781805	0.198215	2.739205	)
(	13.781805	0.198215	2.758255	)
(	13.781805	0.198215	2.777205	)
(	13.781805	0.198215	2.796355	)
(	13.781805	0.198215	2.815405	)
(	13.781805	0.198215	2.834455	)
(	13.781805	0.198215	2.872555	)
(	13.781805	0.198215	2.887125	)
(	13.781805	0.198215	3.112875	)
(	14.008555	0.202575	2.887125	)  //these 4 probes weren't working. So I changed the height.
(	14.008555	0.202575	3.112875	)
(	14.046645	0.201785	2.887125	)
(	14.046645	0.201785	3.112875	)

            
        );

        
    };


  Mid_height_WERFL
    {
        
                type            probes;
        libs            ("libsampling.so");
        enabled         true;
        writeControl   timeStep;
        writeInterval  20;  //deltaT*writeInterval=0.02, this should make the probes to write U at every time step

        fields
        (
            U p
        );
        
        
        
        probeLocations //locations to be probed
        (
 
(	14.176915	0.127015	2.653485	)
(	14.100715	0.127015	2.653485	)
(	14.024515	0.127015	2.653485	)
(	13.975485	0.127015	2.653485	)
(	13.899285	0.127015	2.653485	)
(	13.823085	0.127015	2.653485	)
(	13.772285	0.127015	2.704285	)
(	13.772285	0.127015	2.780485	)
(	13.772285	0.127015	2.856685	)
(	13.772285	0.127015	2.932885	)
(	13.772285	0.127015	3.067115	)
(	13.772285	0.127015	3.143315	)
(	13.772285	0.127015	3.219515	)
(	13.772285	0.127015	3.295715	)
(	13.823085	0.127015	3.346515	)
(	13.899285	0.127015	3.346515	)
(	13.975485	0.127015	3.346515	)
(	14.024515	0.127015	3.346515	)
(	14.100715	0.127015	3.346515	)
(	14.176915	0.127015	3.346515	)
(	14.227715	0.127015	3.295715	)
(	14.227715	0.127015	3.219515	)
(	14.227715	0.127015	3.143315	)
(	14.227715	0.127015	3.067115	)
(	14.227715	0.127015	2.932885	)
(	14.227715	0.127015	2.856685	)
(	14.227715	0.127015	2.780485	)
(	14.227715	0.127015	2.704285	)

            
        );

        
    };
        

Bottom_level_WERFL

    {
        
                type            probes;
        libs            ("libsampling.so");
        enabled         true;
        writeControl   timeStep;
        writeInterval  20;  //deltaT*writeInterval=0.02, this should make the probes to write U at every time step

        fields
        (
            U p
        );
        
        
        
        probeLocations //locations to be probed
        (

 (	14.176915	0.050815	2.653485	)
(	14.100715	0.050815	2.653485	)
(	14.024515	0.050815	2.653485	)
(	13.975485	0.050815	2.653485	)
(	13.899285	0.050815	2.653485	)
(	13.823085	0.050815	2.653485	)
(	13.772285	0.050815	2.704285	)
(	13.772285	0.050815	2.780485	)
(	13.772285	0.050815	2.856685	)
(	13.772285	0.050815	2.932885	)
(	13.772285	0.050815	3.067115	)
(	13.772285	0.050815	3.143315	)
(	13.772285	0.050815	3.219515	)
(	13.772285	0.050815	3.295715	)
(	13.823085	0.050815	3.346515	)
(	13.899285	0.050815	3.346515	)
(	13.975485	0.050815	3.346515	)
(	14.024515	0.050815	3.346515	)
(	14.100715	0.050815	3.346515	)
(	14.176915	0.050815	3.346515	)
(	14.227715	0.050815	3.295715	)
(	14.227715	0.050815	3.219515	)
(	14.227715	0.050815	3.143315	)
(	14.227715	0.050815	3.067115	)
(	14.227715	0.050815	2.932885	)
(	14.227715	0.050815	2.856685	)
(	14.227715	0.050815	2.780485	)
(	14.227715	0.050815	2.704285	)


            
        );

        
    };


Vel_z_p75_m

    {
        
                type            probes;
        libs            ("libsampling.so");
        enabled         true;
        writeControl   timeStep;
        writeInterval  20;  //deltaT*writeInterval=0.02, this should make the probes to write U at every time step

        fields
        (
            U p
        );
        
        
        
        probeLocations //locations to be probed
        (

 (	10.5	0.75	0.25	)
(	10.75	0.75	0.25	)
(	11	0.75	0.25	)
(	11.25	0.75	0.25	)
(	11.5	0.75	0.25	)
(	11.75	0.75	0.25	)
(	12	0.75	0.25	)
(	12.25	0.75	0.25	)
(	12.5	0.75	0.25	)
(	12.75	0.75	0.25	)
(	13	0.75	0.25	)
(	13.25	0.75	0.25	)
(	13.5	0.75	0.25	)
(	13.75	0.75	0.25	)
(	14	0.75	0.25	)
(	14.25	0.75	0.25	)
(	14.5	0.75	0.25	)
(	14.75	0.75	0.25	)
(	15	0.75	0.25	)
(	15.25	0.75	0.25	)
(	15.5	0.75	0.25	)
(	15.75	0.75	0.25	)
(	16	0.75	0.25	)
(	16.25	0.75	0.25	)
(	16.5	0.75	0.25	)
(	16.75	0.75	0.25	)
(	17	0.75	0.25	)
(	17.25	0.75	0.25	)
(	17.5	0.75	0.25	)
(	17.75	0.75	0.25	)
(	18	0.75	0.25	)
(	18.25	0.75	0.25	)
(	18.5	0.75	0.25	)
(	18.75	0.75	0.25	)
(	19	0.75	0.25	)
(	19.25	0.75	0.25	)
(	19.5	0.75	0.25	)
(	10.5	0.75	0.5	)
(	10.75	0.75	0.5	)
(	11	0.75	0.5	)
(	11.25	0.75	0.5	)
(	11.5	0.75	0.5	)
(	11.75	0.75	0.5	)
(	12	0.75	0.5	)
(	12.25	0.75	0.5	)
(	12.5	0.75	0.5	)
(	12.75	0.75	0.5	)
(	13	0.75	0.5	)
(	13.25	0.75	0.5	)
(	13.5	0.75	0.5	)
(	13.75	0.75	0.5	)
(	14	0.75	0.5	)
(	14.25	0.75	0.5	)
(	14.5	0.75	0.5	)
(	14.75	0.75	0.5	)
(	15	0.75	0.5	)
(	15.25	0.75	0.5	)
(	15.5	0.75	0.5	)
(	15.75	0.75	0.5	)
(	16	0.75	0.5	)
(	16.25	0.75	0.5	)
(	16.5	0.75	0.5	)
(	16.75	0.75	0.5	)
(	17	0.75	0.5	)
(	17.25	0.75	0.5	)
(	17.5	0.75	0.5	)
(	17.75	0.75	0.5	)
(	18	0.75	0.5	)
(	18.25	0.75	0.5	)
(	18.5	0.75	0.5	)
(	18.75	0.75	0.5	)
(	19	0.75	0.5	)
(	19.25	0.75	0.5	)
(	19.5	0.75	0.5	)
(	10.5	0.75	0.75	)
(	10.75	0.75	0.75	)
(	11	0.75	0.75	)
(	11.25	0.75	0.75	)
(	11.5	0.75	0.75	)
(	11.75	0.75	0.75	)
(	12	0.75	0.75	)
(	12.25	0.75	0.75	)
(	12.5	0.75	0.75	)
(	12.75	0.75	0.75	)
(	13	0.75	0.75	)
(	13.25	0.75	0.75	)
(	13.5	0.75	0.75	)
(	13.75	0.75	0.75	)
(	14	0.75	0.75	)
(	14.25	0.75	0.75	)
(	14.5	0.75	0.75	)
(	14.75	0.75	0.75	)
(	15	0.75	0.75	)
(	15.25	0.75	0.75	)
(	15.5	0.75	0.75	)
(	15.75	0.75	0.75	)
(	16	0.75	0.75	)
(	16.25	0.75	0.75	)
(	16.5	0.75	0.75	)
(	16.75	0.75	0.75	)
(	17	0.75	0.75	)
(	17.25	0.75	0.75	)
(	17.5	0.75	0.75	)
(	17.75	0.75	0.75	)
(	18	0.75	0.75	)
(	18.25	0.75	0.75	)
(	18.5	0.75	0.75	)
(	18.75	0.75	0.75	)
(	19	0.75	0.75	)
(	19.25	0.75	0.75	)
(	19.5	0.75	0.75	)
(	10.5	0.75	1	)
(	10.75	0.75	1	)
(	11	0.75	1	)
(	11.25	0.75	1	)
(	11.5	0.75	1	)
(	11.75	0.75	1	)
(	12	0.75	1	)
(	12.25	0.75	1	)
(	12.5	0.75	1	)
(	12.75	0.75	1	)
(	13	0.75	1	)
(	13.25	0.75	1	)
(	13.5	0.75	1	)
(	13.75	0.75	1	)
(	14	0.75	1	)
(	14.25	0.75	1	)
(	14.5	0.75	1	)
(	14.75	0.75	1	)
(	15	0.75	1	)
(	15.25	0.75	1	)
(	15.5	0.75	1	)
(	15.75	0.75	1	)
(	16	0.75	1	)
(	16.25	0.75	1	)
(	16.5	0.75	1	)
(	16.75	0.75	1	)
(	17	0.75	1	)
(	17.25	0.75	1	)
(	17.5	0.75	1	)
(	17.75	0.75	1	)
(	18	0.75	1	)
(	18.25	0.75	1	)
(	18.5	0.75	1	)
(	18.75	0.75	1	)
(	19	0.75	1	)
(	19.25	0.75	1	)
(	19.5	0.75	1	)
(	10.5	0.75	1.25	)
(	10.75	0.75	1.25	)
(	11	0.75	1.25	)
(	11.25	0.75	1.25	)
(	11.5	0.75	1.25	)
(	11.75	0.75	1.25	)
(	12	0.75	1.25	)
(	12.25	0.75	1.25	)
(	12.5	0.75	1.25	)
(	12.75	0.75	1.25	)
(	13	0.75	1.25	)
(	13.25	0.75	1.25	)
(	13.5	0.75	1.25	)
(	13.75	0.75	1.25	)
(	14	0.75	1.25	)
(	14.25	0.75	1.25	)
(	14.5	0.75	1.25	)
(	14.75	0.75	1.25	)
(	15	0.75	1.25	)
(	15.25	0.75	1.25	)
(	15.5	0.75	1.25	)
(	15.75	0.75	1.25	)
(	16	0.75	1.25	)
(	16.25	0.75	1.25	)
(	16.5	0.75	1.25	)
(	16.75	0.75	1.25	)
(	17	0.75	1.25	)
(	17.25	0.75	1.25	)
(	17.5	0.75	1.25	)
(	17.75	0.75	1.25	)
(	18	0.75	1.25	)
(	18.25	0.75	1.25	)
(	18.5	0.75	1.25	)
(	18.75	0.75	1.25	)
(	19	0.75	1.25	)
(	19.25	0.75	1.25	)
(	19.5	0.75	1.25	)
(	10.5	0.75	1.5	)
(	10.75	0.75	1.5	)
(	11	0.75	1.5	)
(	11.25	0.75	1.5	)
(	11.5	0.75	1.5	)
(	11.75	0.75	1.5	)
(	12	0.75	1.5	)
(	12.25	0.75	1.5	)
(	12.5	0.75	1.5	)
(	12.75	0.75	1.5	)
(	13	0.75	1.5	)
(	13.25	0.75	1.5	)
(	13.5	0.75	1.5	)
(	13.75	0.75	1.5	)
(	14	0.75	1.5	)
(	14.25	0.75	1.5	)
(	14.5	0.75	1.5	)
(	14.75	0.75	1.5	)
(	15	0.75	1.5	)
(	15.25	0.75	1.5	)
(	15.5	0.75	1.5	)
(	15.75	0.75	1.5	)
(	16	0.75	1.5	)
(	16.25	0.75	1.5	)
(	16.5	0.75	1.5	)
(	16.75	0.75	1.5	)
(	17	0.75	1.5	)
(	17.25	0.75	1.5	)
(	17.5	0.75	1.5	)
(	17.75	0.75	1.5	)
(	18	0.75	1.5	)
(	18.25	0.75	1.5	)
(	18.5	0.75	1.5	)
(	18.75	0.75	1.5	)
(	19	0.75	1.5	)
(	19.25	0.75	1.5	)
(	19.5	0.75	1.5	)
(	10.5	0.75	1.75	)
(	10.75	0.75	1.75	)
(	11	0.75	1.75	)
(	11.25	0.75	1.75	)
(	11.5	0.75	1.75	)
(	11.75	0.75	1.75	)
(	12	0.75	1.75	)
(	12.25	0.75	1.75	)
(	12.5	0.75	1.75	)
(	12.75	0.75	1.75	)
(	13	0.75	1.75	)
(	13.25	0.75	1.75	)
(	13.5	0.75	1.75	)
(	13.75	0.75	1.75	)
(	14	0.75	1.75	)
(	14.25	0.75	1.75	)
(	14.5	0.75	1.75	)
(	14.75	0.75	1.75	)
(	15	0.75	1.75	)
(	15.25	0.75	1.75	)
(	15.5	0.75	1.75	)
(	15.75	0.75	1.75	)
(	16	0.75	1.75	)
(	16.25	0.75	1.75	)
(	16.5	0.75	1.75	)
(	16.75	0.75	1.75	)
(	17	0.75	1.75	)
(	17.25	0.75	1.75	)
(	17.5	0.75	1.75	)
(	17.75	0.75	1.75	)
(	18	0.75	1.75	)
(	18.25	0.75	1.75	)
(	18.5	0.75	1.75	)
(	18.75	0.75	1.75	)
(	19	0.75	1.75	)
(	19.25	0.75	1.75	)
(	19.5	0.75	1.75	)
(	10.5	0.75	2	)
(	10.75	0.75	2	)
(	11	0.75	2	)
(	11.25	0.75	2	)
(	11.5	0.75	2	)
(	11.75	0.75	2	)
(	12	0.75	2	)
(	12.25	0.75	2	)
(	12.5	0.75	2	)
(	12.75	0.75	2	)
(	13	0.75	2	)
(	13.25	0.75	2	)
(	13.5	0.75	2	)
(	13.75	0.75	2	)
(	14	0.75	2	)
(	14.25	0.75	2	)
(	14.5	0.75	2	)
(	14.75	0.75	2	)
(	15	0.75	2	)
(	15.25	0.75	2	)
(	15.5	0.75	2	)
(	15.75	0.75	2	)
(	16	0.75	2	)
(	16.25	0.75	2	)
(	16.5	0.75	2	)
(	16.75	0.75	2	)
(	17	0.75	2	)
(	17.25	0.75	2	)
(	17.5	0.75	2	)
(	17.75	0.75	2	)
(	18	0.75	2	)
(	18.25	0.75	2	)
(	18.5	0.75	2	)
(	18.75	0.75	2	)
(	19	0.75	2	)
(	19.25	0.75	2	)
(	19.5	0.75	2	)
(	10.5	0.75	2.25	)
(	10.75	0.75	2.25	)
(	11	0.75	2.25	)
(	11.25	0.75	2.25	)
(	11.5	0.75	2.25	)
(	11.75	0.75	2.25	)
(	12	0.75	2.25	)
(	12.25	0.75	2.25	)
(	12.5	0.75	2.25	)
(	12.75	0.75	2.25	)
(	13	0.75	2.25	)
(	13.25	0.75	2.25	)
(	13.5	0.75	2.25	)
(	13.75	0.75	2.25	)
(	14	0.75	2.25	)
(	14.25	0.75	2.25	)
(	14.5	0.75	2.25	)
(	14.75	0.75	2.25	)
(	15	0.75	2.25	)
(	15.25	0.75	2.25	)
(	15.5	0.75	2.25	)
(	15.75	0.75	2.25	)
(	16	0.75	2.25	)
(	16.25	0.75	2.25	)
(	16.5	0.75	2.25	)
(	16.75	0.75	2.25	)
(	17	0.75	2.25	)
(	17.25	0.75	2.25	)
(	17.5	0.75	2.25	)
(	17.75	0.75	2.25	)
(	18	0.75	2.25	)
(	18.25	0.75	2.25	)
(	18.5	0.75	2.25	)
(	18.75	0.75	2.25	)
(	19	0.75	2.25	)
(	19.25	0.75	2.25	)
(	19.5	0.75	2.25	)
(	10.5	0.75	2.5	)
(	10.75	0.75	2.5	)
(	11	0.75	2.5	)
(	11.25	0.75	2.5	)
(	11.5	0.75	2.5	)
(	11.75	0.75	2.5	)
(	12	0.75	2.5	)
(	12.25	0.75	2.5	)
(	12.5	0.75	2.5	)
(	12.75	0.75	2.5	)
(	13	0.75	2.5	)
(	13.25	0.75	2.5	)
(	13.5	0.75	2.5	)
(	13.75	0.75	2.5	)
(	14	0.75	2.5	)
(	14.25	0.75	2.5	)
(	14.5	0.75	2.5	)
(	14.75	0.75	2.5	)
(	15	0.75	2.5	)
(	15.25	0.75	2.5	)
(	15.5	0.75	2.5	)
(	15.75	0.75	2.5	)
(	16	0.75	2.5	)
(	16.25	0.75	2.5	)
(	16.5	0.75	2.5	)
(	16.75	0.75	2.5	)
(	17	0.75	2.5	)
(	17.25	0.75	2.5	)
(	17.5	0.75	2.5	)
(	17.75	0.75	2.5	)
(	18	0.75	2.5	)
(	18.25	0.75	2.5	)
(	18.5	0.75	2.5	)
(	18.75	0.75	2.5	)
(	19	0.75	2.5	)
(	19.25	0.75	2.5	)
(	19.5	0.75	2.5	)
(	10.5	0.75	2.75	)
(	10.75	0.75	2.75	)
(	11	0.75	2.75	)
(	11.25	0.75	2.75	)
(	11.5	0.75	2.75	)
(	11.75	0.75	2.75	)
(	12	0.75	2.75	)
(	12.25	0.75	2.75	)
(	12.5	0.75	2.75	)
(	12.75	0.75	2.75	)
(	13	0.75	2.75	)
(	13.25	0.75	2.75	)
(	13.5	0.75	2.75	)
(	13.75	0.75	2.75	)
(	14	0.75	2.75	)
(	14.25	0.75	2.75	)
(	14.5	0.75	2.75	)
(	14.75	0.75	2.75	)
(	15	0.75	2.75	)
(	15.25	0.75	2.75	)
(	15.5	0.75	2.75	)
(	15.75	0.75	2.75	)
(	16	0.75	2.75	)
(	16.25	0.75	2.75	)
(	16.5	0.75	2.75	)
(	16.75	0.75	2.75	)
(	17	0.75	2.75	)
(	17.25	0.75	2.75	)
(	17.5	0.75	2.75	)
(	17.75	0.75	2.75	)
(	18	0.75	2.75	)
(	18.25	0.75	2.75	)
(	18.5	0.75	2.75	)
(	18.75	0.75	2.75	)
(	19	0.75	2.75	)
(	19.25	0.75	2.75	)
(	19.5	0.75	2.75	)
(	10.5	0.75	3	)
(	10.75	0.75	3	)
(	11	0.75	3	)
(	11.25	0.75	3	)
(	11.5	0.75	3	)
(	11.75	0.75	3	)
(	12	0.75	3	)
(	12.25	0.75	3	)
(	12.5	0.75	3	)
(	12.75	0.75	3	)
(	13	0.75	3	)
(	13.25	0.75	3	)
(	13.5	0.75	3	)
(	13.75	0.75	3	)
(	14	0.75	3	)
(	14.25	0.75	3	)
(	14.5	0.75	3	)
(	14.75	0.75	3	)
(	15	0.75	3	)
(	15.25	0.75	3	)
(	15.5	0.75	3	)
(	15.75	0.75	3	)
(	16	0.75	3	)
(	16.25	0.75	3	)
(	16.5	0.75	3	)
(	16.75	0.75	3	)
(	17	0.75	3	)
(	17.25	0.75	3	)
(	17.5	0.75	3	)
(	17.75	0.75	3	)
(	18	0.75	3	)
(	18.25	0.75	3	)
(	18.5	0.75	3	)
(	18.75	0.75	3	)
(	19	0.75	3	)
(	19.25	0.75	3	)
(	19.5	0.75	3	)
(	10.5	0.75	3.25	)
(	10.75	0.75	3.25	)
(	11	0.75	3.25	)
(	11.25	0.75	3.25	)
(	11.5	0.75	3.25	)
(	11.75	0.75	3.25	)
(	12	0.75	3.25	)
(	12.25	0.75	3.25	)
(	12.5	0.75	3.25	)
(	12.75	0.75	3.25	)
(	13	0.75	3.25	)
(	13.25	0.75	3.25	)
(	13.5	0.75	3.25	)
(	13.75	0.75	3.25	)
(	14	0.75	3.25	)
(	14.25	0.75	3.25	)
(	14.5	0.75	3.25	)
(	14.75	0.75	3.25	)
(	15	0.75	3.25	)
(	15.25	0.75	3.25	)
(	15.5	0.75	3.25	)
(	15.75	0.75	3.25	)
(	16	0.75	3.25	)
(	16.25	0.75	3.25	)
(	16.5	0.75	3.25	)
(	16.75	0.75	3.25	)
(	17	0.75	3.25	)
(	17.25	0.75	3.25	)
(	17.5	0.75	3.25	)
(	17.75	0.75	3.25	)
(	18	0.75	3.25	)
(	18.25	0.75	3.25	)
(	18.5	0.75	3.25	)
(	18.75	0.75	3.25	)
(	19	0.75	3.25	)
(	19.25	0.75	3.25	)
(	19.5	0.75	3.25	)
(	10.5	0.75	3.5	)
(	10.75	0.75	3.5	)
(	11	0.75	3.5	)
(	11.25	0.75	3.5	)
(	11.5	0.75	3.5	)
(	11.75	0.75	3.5	)
(	12	0.75	3.5	)
(	12.25	0.75	3.5	)
(	12.5	0.75	3.5	)
(	12.75	0.75	3.5	)
(	13	0.75	3.5	)
(	13.25	0.75	3.5	)
(	13.5	0.75	3.5	)
(	13.75	0.75	3.5	)
(	14	0.75	3.5	)
(	14.25	0.75	3.5	)
(	14.5	0.75	3.5	)
(	14.75	0.75	3.5	)
(	15	0.75	3.5	)
(	15.25	0.75	3.5	)
(	15.5	0.75	3.5	)
(	15.75	0.75	3.5	)
(	16	0.75	3.5	)
(	16.25	0.75	3.5	)
(	16.5	0.75	3.5	)
(	16.75	0.75	3.5	)
(	17	0.75	3.5	)
(	17.25	0.75	3.5	)
(	17.5	0.75	3.5	)
(	17.75	0.75	3.5	)
(	18	0.75	3.5	)
(	18.25	0.75	3.5	)
(	18.5	0.75	3.5	)
(	18.75	0.75	3.5	)
(	19	0.75	3.5	)
(	19.25	0.75	3.5	)
(	19.5	0.75	3.5	)
(	10.5	0.75	3.75	)
(	10.75	0.75	3.75	)
(	11	0.75	3.75	)
(	11.25	0.75	3.75	)
(	11.5	0.75	3.75	)
(	11.75	0.75	3.75	)
(	12	0.75	3.75	)
(	12.25	0.75	3.75	)
(	12.5	0.75	3.75	)
(	12.75	0.75	3.75	)
(	13	0.75	3.75	)
(	13.25	0.75	3.75	)
(	13.5	0.75	3.75	)
(	13.75	0.75	3.75	)
(	14	0.75	3.75	)
(	14.25	0.75	3.75	)
(	14.5	0.75	3.75	)
(	14.75	0.75	3.75	)
(	15	0.75	3.75	)
(	15.25	0.75	3.75	)
(	15.5	0.75	3.75	)
(	15.75	0.75	3.75	)
(	16	0.75	3.75	)
(	16.25	0.75	3.75	)
(	16.5	0.75	3.75	)
(	16.75	0.75	3.75	)
(	17	0.75	3.75	)
(	17.25	0.75	3.75	)
(	17.5	0.75	3.75	)
(	17.75	0.75	3.75	)
(	18	0.75	3.75	)
(	18.25	0.75	3.75	)
(	18.5	0.75	3.75	)
(	18.75	0.75	3.75	)
(	19	0.75	3.75	)
(	19.25	0.75	3.75	)
(	19.5	0.75	3.75	)
(	10.5	0.75	4	)
(	10.75	0.75	4	)
(	11	0.75	4	)
(	11.25	0.75	4	)
(	11.5	0.75	4	)
(	11.75	0.75	4	)
(	12	0.75	4	)
(	12.25	0.75	4	)
(	12.5	0.75	4	)
(	12.75	0.75	4	)
(	13	0.75	4	)
(	13.25	0.75	4	)
(	13.5	0.75	4	)
(	13.75	0.75	4	)
(	14	0.75	4	)
(	14.25	0.75	4	)
(	14.5	0.75	4	)
(	14.75	0.75	4	)
(	15	0.75	4	)
(	15.25	0.75	4	)
(	15.5	0.75	4	)
(	15.75	0.75	4	)
(	16	0.75	4	)
(	16.25	0.75	4	)
(	16.5	0.75	4	)
(	16.75	0.75	4	)
(	17	0.75	4	)
(	17.25	0.75	4	)
(	17.5	0.75	4	)
(	17.75	0.75	4	)
(	18	0.75	4	)
(	18.25	0.75	4	)
(	18.5	0.75	4	)
(	18.75	0.75	4	)
(	19	0.75	4	)
(	19.25	0.75	4	)
(	19.5	0.75	4	)
(	10.5	0.75	4.25	)
(	10.75	0.75	4.25	)
(	11	0.75	4.25	)
(	11.25	0.75	4.25	)
(	11.5	0.75	4.25	)
(	11.75	0.75	4.25	)
(	12	0.75	4.25	)
(	12.25	0.75	4.25	)
(	12.5	0.75	4.25	)
(	12.75	0.75	4.25	)
(	13	0.75	4.25	)
(	13.25	0.75	4.25	)
(	13.5	0.75	4.25	)
(	13.75	0.75	4.25	)
(	14	0.75	4.25	)
(	14.25	0.75	4.25	)
(	14.5	0.75	4.25	)
(	14.75	0.75	4.25	)
(	15	0.75	4.25	)
(	15.25	0.75	4.25	)
(	15.5	0.75	4.25	)
(	15.75	0.75	4.25	)
(	16	0.75	4.25	)
(	16.25	0.75	4.25	)
(	16.5	0.75	4.25	)
(	16.75	0.75	4.25	)
(	17	0.75	4.25	)
(	17.25	0.75	4.25	)
(	17.5	0.75	4.25	)
(	17.75	0.75	4.25	)
(	18	0.75	4.25	)
(	18.25	0.75	4.25	)
(	18.5	0.75	4.25	)
(	18.75	0.75	4.25	)
(	19	0.75	4.25	)
(	19.25	0.75	4.25	)
(	19.5	0.75	4.25	)
(	10.5	0.75	4.5	)
(	10.75	0.75	4.5	)
(	11	0.75	4.5	)
(	11.25	0.75	4.5	)
(	11.5	0.75	4.5	)
(	11.75	0.75	4.5	)
(	12	0.75	4.5	)
(	12.25	0.75	4.5	)
(	12.5	0.75	4.5	)
(	12.75	0.75	4.5	)
(	13	0.75	4.5	)
(	13.25	0.75	4.5	)
(	13.5	0.75	4.5	)
(	13.75	0.75	4.5	)
(	14	0.75	4.5	)
(	14.25	0.75	4.5	)
(	14.5	0.75	4.5	)
(	14.75	0.75	4.5	)
(	15	0.75	4.5	)
(	15.25	0.75	4.5	)
(	15.5	0.75	4.5	)
(	15.75	0.75	4.5	)
(	16	0.75	4.5	)
(	16.25	0.75	4.5	)
(	16.5	0.75	4.5	)
(	16.75	0.75	4.5	)
(	17	0.75	4.5	)
(	17.25	0.75	4.5	)
(	17.5	0.75	4.5	)
(	17.75	0.75	4.5	)
(	18	0.75	4.5	)
(	18.25	0.75	4.5	)
(	18.5	0.75	4.5	)
(	18.75	0.75	4.5	)
(	19	0.75	4.5	)
(	19.25	0.75	4.5	)
(	19.5	0.75	4.5	)
(	10.5	0.75	4.75	)
(	10.75	0.75	4.75	)
(	11	0.75	4.75	)
(	11.25	0.75	4.75	)
(	11.5	0.75	4.75	)
(	11.75	0.75	4.75	)
(	12	0.75	4.75	)
(	12.25	0.75	4.75	)
(	12.5	0.75	4.75	)
(	12.75	0.75	4.75	)
(	13	0.75	4.75	)
(	13.25	0.75	4.75	)
(	13.5	0.75	4.75	)
(	13.75	0.75	4.75	)
(	14	0.75	4.75	)
(	14.25	0.75	4.75	)
(	14.5	0.75	4.75	)
(	14.75	0.75	4.75	)
(	15	0.75	4.75	)
(	15.25	0.75	4.75	)
(	15.5	0.75	4.75	)
(	15.75	0.75	4.75	)
(	16	0.75	4.75	)
(	16.25	0.75	4.75	)
(	16.5	0.75	4.75	)
(	16.75	0.75	4.75	)
(	17	0.75	4.75	)
(	17.25	0.75	4.75	)
(	17.5	0.75	4.75	)
(	17.75	0.75	4.75	)
(	18	0.75	4.75	)
(	18.25	0.75	4.75	)
(	18.5	0.75	4.75	)
(	18.75	0.75	4.75	)
(	19	0.75	4.75	)
(	19.25	0.75	4.75	)
(	19.5	0.75	4.75	)
(	10.5	0.75	5	)
(	10.75	0.75	5	)
(	11	0.75	5	)
(	11.25	0.75	5	)
(	11.5	0.75	5	)
(	11.75	0.75	5	)
(	12	0.75	5	)
(	12.25	0.75	5	)
(	12.5	0.75	5	)
(	12.75	0.75	5	)
(	13	0.75	5	)
(	13.25	0.75	5	)
(	13.5	0.75	5	)
(	13.75	0.75	5	)
(	14	0.75	5	)
(	14.25	0.75	5	)
(	14.5	0.75	5	)
(	14.75	0.75	5	)
(	15	0.75	5	)
(	15.25	0.75	5	)
(	15.5	0.75	5	)
(	15.75	0.75	5	)
(	16	0.75	5	)
(	16.25	0.75	5	)
(	16.5	0.75	5	)
(	16.75	0.75	5	)
(	17	0.75	5	)
(	17.25	0.75	5	)
(	17.5	0.75	5	)
(	17.75	0.75	5	)
(	18	0.75	5	)
(	18.25	0.75	5	)
(	18.5	0.75	5	)
(	18.75	0.75	5	)
(	19	0.75	5	)
(	19.25	0.75	5	)
(	19.5	0.75	5	)
(	10.5	0.75	5.25	)
(	10.75	0.75	5.25	)
(	11	0.75	5.25	)
(	11.25	0.75	5.25	)
(	11.5	0.75	5.25	)
(	11.75	0.75	5.25	)
(	12	0.75	5.25	)
(	12.25	0.75	5.25	)
(	12.5	0.75	5.25	)
(	12.75	0.75	5.25	)
(	13	0.75	5.25	)
(	13.25	0.75	5.25	)
(	13.5	0.75	5.25	)
(	13.75	0.75	5.25	)
(	14	0.75	5.25	)
(	14.25	0.75	5.25	)
(	14.5	0.75	5.25	)
(	14.75	0.75	5.25	)
(	15	0.75	5.25	)
(	15.25	0.75	5.25	)
(	15.5	0.75	5.25	)
(	15.75	0.75	5.25	)
(	16	0.75	5.25	)
(	16.25	0.75	5.25	)
(	16.5	0.75	5.25	)
(	16.75	0.75	5.25	)
(	17	0.75	5.25	)
(	17.25	0.75	5.25	)
(	17.5	0.75	5.25	)
(	17.75	0.75	5.25	)
(	18	0.75	5.25	)
(	18.25	0.75	5.25	)
(	18.5	0.75	5.25	)
(	18.75	0.75	5.25	)
(	19	0.75	5.25	)
(	19.25	0.75	5.25	)
(	19.5	0.75	5.25	)
(	10.5	0.75	5.5	)
(	10.75	0.75	5.5	)
(	11	0.75	5.5	)
(	11.25	0.75	5.5	)
(	11.5	0.75	5.5	)
(	11.75	0.75	5.5	)
(	12	0.75	5.5	)
(	12.25	0.75	5.5	)
(	12.5	0.75	5.5	)
(	12.75	0.75	5.5	)
(	13	0.75	5.5	)
(	13.25	0.75	5.5	)
(	13.5	0.75	5.5	)
(	13.75	0.75	5.5	)
(	14	0.75	5.5	)
(	14.25	0.75	5.5	)
(	14.5	0.75	5.5	)
(	14.75	0.75	5.5	)
(	15	0.75	5.5	)
(	15.25	0.75	5.5	)
(	15.5	0.75	5.5	)
(	15.75	0.75	5.5	)
(	16	0.75	5.5	)
(	16.25	0.75	5.5	)
(	16.5	0.75	5.5	)
(	16.75	0.75	5.5	)
(	17	0.75	5.5	)
(	17.25	0.75	5.5	)
(	17.5	0.75	5.5	)
(	17.75	0.75	5.5	)
(	18	0.75	5.5	)
(	18.25	0.75	5.5	)
(	18.5	0.75	5.5	)
(	18.75	0.75	5.5	)
(	19	0.75	5.5	)
(	19.25	0.75	5.5	)
(	19.5	0.75	5.5	)
(	10.5	0.75	5.75	)
(	10.75	0.75	5.75	)
(	11	0.75	5.75	)
(	11.25	0.75	5.75	)
(	11.5	0.75	5.75	)
(	11.75	0.75	5.75	)
(	12	0.75	5.75	)
(	12.25	0.75	5.75	)
(	12.5	0.75	5.75	)
(	12.75	0.75	5.75	)
(	13	0.75	5.75	)
(	13.25	0.75	5.75	)
(	13.5	0.75	5.75	)
(	13.75	0.75	5.75	)
(	14	0.75	5.75	)
(	14.25	0.75	5.75	)
(	14.5	0.75	5.75	)
(	14.75	0.75	5.75	)
(	15	0.75	5.75	)
(	15.25	0.75	5.75	)
(	15.5	0.75	5.75	)
(	15.75	0.75	5.75	)
(	16	0.75	5.75	)
(	16.25	0.75	5.75	)
(	16.5	0.75	5.75	)
(	16.75	0.75	5.75	)
(	17	0.75	5.75	)
(	17.25	0.75	5.75	)
(	17.5	0.75	5.75	)
(	17.75	0.75	5.75	)
(	18	0.75	5.75	)
(	18.25	0.75	5.75	)
(	18.5	0.75	5.75	)
(	18.75	0.75	5.75	)
(	19	0.75	5.75	)
(	19.25	0.75	5.75	)
(	19.5	0.75	5.75	)


            
        );

        
    };
        


Vel_z_1p5_m

    {
        
                type            probes;
        libs            ("libsampling.so");
        enabled         true;
        writeControl   timeStep;
        writeInterval  20;  //deltaT*writeInterval=0.02, this should make the probes to write U at every time step

        fields
        (
            U p
        );
        
        
        
        probeLocations //locations to be probed
        (

 
(	10.5	1.5	0.25	)
(	10.75	1.5	0.25	)
(	11	1.5	0.25	)
(	11.25	1.5	0.25	)
(	11.5	1.5	0.25	)
(	11.75	1.5	0.25	)
(	12	1.5	0.25	)
(	12.25	1.5	0.25	)
(	12.5	1.5	0.25	)
(	12.75	1.5	0.25	)
(	13	1.5	0.25	)
(	13.25	1.5	0.25	)
(	13.5	1.5	0.25	)
(	13.75	1.5	0.25	)
(	14	1.5	0.25	)
(	14.25	1.5	0.25	)
(	14.5	1.5	0.25	)
(	14.75	1.5	0.25	)
(	15	1.5	0.25	)
(	15.25	1.5	0.25	)
(	15.5	1.5	0.25	)
(	15.75	1.5	0.25	)
(	16	1.5	0.25	)
(	16.25	1.5	0.25	)
(	16.5	1.5	0.25	)
(	16.75	1.5	0.25	)
(	17	1.5	0.25	)
(	17.25	1.5	0.25	)
(	17.5	1.5	0.25	)
(	17.75	1.5	0.25	)
(	18	1.5	0.25	)
(	18.25	1.5	0.25	)
(	18.5	1.5	0.25	)
(	18.75	1.5	0.25	)
(	19	1.5	0.25	)
(	19.25	1.5	0.25	)
(	19.5	1.5	0.25	)
(	10.5	1.5	0.5	)
(	10.75	1.5	0.5	)
(	11	1.5	0.5	)
(	11.25	1.5	0.5	)
(	11.5	1.5	0.5	)
(	11.75	1.5	0.5	)
(	12	1.5	0.5	)
(	12.25	1.5	0.5	)
(	12.5	1.5	0.5	)
(	12.75	1.5	0.5	)
(	13	1.5	0.5	)
(	13.25	1.5	0.5	)
(	13.5	1.5	0.5	)
(	13.75	1.5	0.5	)
(	14	1.5	0.5	)
(	14.25	1.5	0.5	)
(	14.5	1.5	0.5	)
(	14.75	1.5	0.5	)
(	15	1.5	0.5	)
(	15.25	1.5	0.5	)
(	15.5	1.5	0.5	)
(	15.75	1.5	0.5	)
(	16	1.5	0.5	)
(	16.25	1.5	0.5	)
(	16.5	1.5	0.5	)
(	16.75	1.5	0.5	)
(	17	1.5	0.5	)
(	17.25	1.5	0.5	)
(	17.5	1.5	0.5	)
(	17.75	1.5	0.5	)
(	18	1.5	0.5	)
(	18.25	1.5	0.5	)
(	18.5	1.5	0.5	)
(	18.75	1.5	0.5	)
(	19	1.5	0.5	)
(	19.25	1.5	0.5	)
(	19.5	1.5	0.5	)
(	10.5	1.5	0.75	)
(	10.75	1.5	0.75	)
(	11	1.5	0.75	)
(	11.25	1.5	0.75	)
(	11.5	1.5	0.75	)
(	11.75	1.5	0.75	)
(	12	1.5	0.75	)
(	12.25	1.5	0.75	)
(	12.5	1.5	0.75	)
(	12.75	1.5	0.75	)
(	13	1.5	0.75	)
(	13.25	1.5	0.75	)
(	13.5	1.5	0.75	)
(	13.75	1.5	0.75	)
(	14	1.5	0.75	)
(	14.25	1.5	0.75	)
(	14.5	1.5	0.75	)
(	14.75	1.5	0.75	)
(	15	1.5	0.75	)
(	15.25	1.5	0.75	)
(	15.5	1.5	0.75	)
(	15.75	1.5	0.75	)
(	16	1.5	0.75	)
(	16.25	1.5	0.75	)
(	16.5	1.5	0.75	)
(	16.75	1.5	0.75	)
(	17	1.5	0.75	)
(	17.25	1.5	0.75	)
(	17.5	1.5	0.75	)
(	17.75	1.5	0.75	)
(	18	1.5	0.75	)
(	18.25	1.5	0.75	)
(	18.5	1.5	0.75	)
(	18.75	1.5	0.75	)
(	19	1.5	0.75	)
(	19.25	1.5	0.75	)
(	19.5	1.5	0.75	)
(	10.5	1.5	1	)
(	10.75	1.5	1	)
(	11	1.5	1	)
(	11.25	1.5	1	)
(	11.5	1.5	1	)
(	11.75	1.5	1	)
(	12	1.5	1	)
(	12.25	1.5	1	)
(	12.5	1.5	1	)
(	12.75	1.5	1	)
(	13	1.5	1	)
(	13.25	1.5	1	)
(	13.5	1.5	1	)
(	13.75	1.5	1	)
(	14	1.5	1	)
(	14.25	1.5	1	)
(	14.5	1.5	1	)
(	14.75	1.5	1	)
(	15	1.5	1	)
(	15.25	1.5	1	)
(	15.5	1.5	1	)
(	15.75	1.5	1	)
(	16	1.5	1	)
(	16.25	1.5	1	)
(	16.5	1.5	1	)
(	16.75	1.5	1	)
(	17	1.5	1	)
(	17.25	1.5	1	)
(	17.5	1.5	1	)
(	17.75	1.5	1	)
(	18	1.5	1	)
(	18.25	1.5	1	)
(	18.5	1.5	1	)
(	18.75	1.5	1	)
(	19	1.5	1	)
(	19.25	1.5	1	)
(	19.5	1.5	1	)
(	10.5	1.5	1.25	)
(	10.75	1.5	1.25	)
(	11	1.5	1.25	)
(	11.25	1.5	1.25	)
(	11.5	1.5	1.25	)
(	11.75	1.5	1.25	)
(	12	1.5	1.25	)
(	12.25	1.5	1.25	)
(	12.5	1.5	1.25	)
(	12.75	1.5	1.25	)
(	13	1.5	1.25	)
(	13.25	1.5	1.25	)
(	13.5	1.5	1.25	)
(	13.75	1.5	1.25	)
(	14	1.5	1.25	)
(	14.25	1.5	1.25	)
(	14.5	1.5	1.25	)
(	14.75	1.5	1.25	)
(	15	1.5	1.25	)
(	15.25	1.5	1.25	)
(	15.5	1.5	1.25	)
(	15.75	1.5	1.25	)
(	16	1.5	1.25	)
(	16.25	1.5	1.25	)
(	16.5	1.5	1.25	)
(	16.75	1.5	1.25	)
(	17	1.5	1.25	)
(	17.25	1.5	1.25	)
(	17.5	1.5	1.25	)
(	17.75	1.5	1.25	)
(	18	1.5	1.25	)
(	18.25	1.5	1.25	)
(	18.5	1.5	1.25	)
(	18.75	1.5	1.25	)
(	19	1.5	1.25	)
(	19.25	1.5	1.25	)
(	19.5	1.5	1.25	)
(	10.5	1.5	1.5	)
(	10.75	1.5	1.5	)
(	11	1.5	1.5	)
(	11.25	1.5	1.5	)
(	11.5	1.5	1.5	)
(	11.75	1.5	1.5	)
(	12	1.5	1.5	)
(	12.25	1.5	1.5	)
(	12.5	1.5	1.5	)
(	12.75	1.5	1.5	)
(	13	1.5	1.5	)
(	13.25	1.5	1.5	)
(	13.5	1.5	1.5	)
(	13.75	1.5	1.5	)
(	14	1.5	1.5	)
(	14.25	1.5	1.5	)
(	14.5	1.5	1.5	)
(	14.75	1.5	1.5	)
(	15	1.5	1.5	)
(	15.25	1.5	1.5	)
(	15.5	1.5	1.5	)
(	15.75	1.5	1.5	)
(	16	1.5	1.5	)
(	16.25	1.5	1.5	)
(	16.5	1.5	1.5	)
(	16.75	1.5	1.5	)
(	17	1.5	1.5	)
(	17.25	1.5	1.5	)
(	17.5	1.5	1.5	)
(	17.75	1.5	1.5	)
(	18	1.5	1.5	)
(	18.25	1.5	1.5	)
(	18.5	1.5	1.5	)
(	18.75	1.5	1.5	)
(	19	1.5	1.5	)
(	19.25	1.5	1.5	)
(	19.5	1.5	1.5	)
(	10.5	1.5	1.75	)
(	10.75	1.5	1.75	)
(	11	1.5	1.75	)
(	11.25	1.5	1.75	)
(	11.5	1.5	1.75	)
(	11.75	1.5	1.75	)
(	12	1.5	1.75	)
(	12.25	1.5	1.75	)
(	12.5	1.5	1.75	)
(	12.75	1.5	1.75	)
(	13	1.5	1.75	)
(	13.25	1.5	1.75	)
(	13.5	1.5	1.75	)
(	13.75	1.5	1.75	)
(	14	1.5	1.75	)
(	14.25	1.5	1.75	)
(	14.5	1.5	1.75	)
(	14.75	1.5	1.75	)
(	15	1.5	1.75	)
(	15.25	1.5	1.75	)
(	15.5	1.5	1.75	)
(	15.75	1.5	1.75	)
(	16	1.5	1.75	)
(	16.25	1.5	1.75	)
(	16.5	1.5	1.75	)
(	16.75	1.5	1.75	)
(	17	1.5	1.75	)
(	17.25	1.5	1.75	)
(	17.5	1.5	1.75	)
(	17.75	1.5	1.75	)
(	18	1.5	1.75	)
(	18.25	1.5	1.75	)
(	18.5	1.5	1.75	)
(	18.75	1.5	1.75	)
(	19	1.5	1.75	)
(	19.25	1.5	1.75	)
(	19.5	1.5	1.75	)
(	10.5	1.5	2	)
(	10.75	1.5	2	)
(	11	1.5	2	)
(	11.25	1.5	2	)
(	11.5	1.5	2	)
(	11.75	1.5	2	)
(	12	1.5	2	)
(	12.25	1.5	2	)
(	12.5	1.5	2	)
(	12.75	1.5	2	)
(	13	1.5	2	)
(	13.25	1.5	2	)
(	13.5	1.5	2	)
(	13.75	1.5	2	)
(	14	1.5	2	)
(	14.25	1.5	2	)
(	14.5	1.5	2	)
(	14.75	1.5	2	)
(	15	1.5	2	)
(	15.25	1.5	2	)
(	15.5	1.5	2	)
(	15.75	1.5	2	)
(	16	1.5	2	)
(	16.25	1.5	2	)
(	16.5	1.5	2	)
(	16.75	1.5	2	)
(	17	1.5	2	)
(	17.25	1.5	2	)
(	17.5	1.5	2	)
(	17.75	1.5	2	)
(	18	1.5	2	)
(	18.25	1.5	2	)
(	18.5	1.5	2	)
(	18.75	1.5	2	)
(	19	1.5	2	)
(	19.25	1.5	2	)
(	19.5	1.5	2	)
(	10.5	1.5	2.25	)
(	10.75	1.5	2.25	)
(	11	1.5	2.25	)
(	11.25	1.5	2.25	)
(	11.5	1.5	2.25	)
(	11.75	1.5	2.25	)
(	12	1.5	2.25	)
(	12.25	1.5	2.25	)
(	12.5	1.5	2.25	)
(	12.75	1.5	2.25	)
(	13	1.5	2.25	)
(	13.25	1.5	2.25	)
(	13.5	1.5	2.25	)
(	13.75	1.5	2.25	)
(	14	1.5	2.25	)
(	14.25	1.5	2.25	)
(	14.5	1.5	2.25	)
(	14.75	1.5	2.25	)
(	15	1.5	2.25	)
(	15.25	1.5	2.25	)
(	15.5	1.5	2.25	)
(	15.75	1.5	2.25	)
(	16	1.5	2.25	)
(	16.25	1.5	2.25	)
(	16.5	1.5	2.25	)
(	16.75	1.5	2.25	)
(	17	1.5	2.25	)
(	17.25	1.5	2.25	)
(	17.5	1.5	2.25	)
(	17.75	1.5	2.25	)
(	18	1.5	2.25	)
(	18.25	1.5	2.25	)
(	18.5	1.5	2.25	)
(	18.75	1.5	2.25	)
(	19	1.5	2.25	)
(	19.25	1.5	2.25	)
(	19.5	1.5	2.25	)
(	10.5	1.5	2.5	)
(	10.75	1.5	2.5	)
(	11	1.5	2.5	)
(	11.25	1.5	2.5	)
(	11.5	1.5	2.5	)
(	11.75	1.5	2.5	)
(	12	1.5	2.5	)
(	12.25	1.5	2.5	)
(	12.5	1.5	2.5	)
(	12.75	1.5	2.5	)
(	13	1.5	2.5	)
(	13.25	1.5	2.5	)
(	13.5	1.5	2.5	)
(	13.75	1.5	2.5	)
(	14	1.5	2.5	)
(	14.25	1.5	2.5	)
(	14.5	1.5	2.5	)
(	14.75	1.5	2.5	)
(	15	1.5	2.5	)
(	15.25	1.5	2.5	)
(	15.5	1.5	2.5	)
(	15.75	1.5	2.5	)
(	16	1.5	2.5	)
(	16.25	1.5	2.5	)
(	16.5	1.5	2.5	)
(	16.75	1.5	2.5	)
(	17	1.5	2.5	)
(	17.25	1.5	2.5	)
(	17.5	1.5	2.5	)
(	17.75	1.5	2.5	)
(	18	1.5	2.5	)
(	18.25	1.5	2.5	)
(	18.5	1.5	2.5	)
(	18.75	1.5	2.5	)
(	19	1.5	2.5	)
(	19.25	1.5	2.5	)
(	19.5	1.5	2.5	)
(	10.5	1.5	2.75	)
(	10.75	1.5	2.75	)
(	11	1.5	2.75	)
(	11.25	1.5	2.75	)
(	11.5	1.5	2.75	)
(	11.75	1.5	2.75	)
(	12	1.5	2.75	)
(	12.25	1.5	2.75	)
(	12.5	1.5	2.75	)
(	12.75	1.5	2.75	)
(	13	1.5	2.75	)
(	13.25	1.5	2.75	)
(	13.5	1.5	2.75	)
(	13.75	1.5	2.75	)
(	14	1.5	2.75	)
(	14.25	1.5	2.75	)
(	14.5	1.5	2.75	)
(	14.75	1.5	2.75	)
(	15	1.5	2.75	)
(	15.25	1.5	2.75	)
(	15.5	1.5	2.75	)
(	15.75	1.5	2.75	)
(	16	1.5	2.75	)
(	16.25	1.5	2.75	)
(	16.5	1.5	2.75	)
(	16.75	1.5	2.75	)
(	17	1.5	2.75	)
(	17.25	1.5	2.75	)
(	17.5	1.5	2.75	)
(	17.75	1.5	2.75	)
(	18	1.5	2.75	)
(	18.25	1.5	2.75	)
(	18.5	1.5	2.75	)
(	18.75	1.5	2.75	)
(	19	1.5	2.75	)
(	19.25	1.5	2.75	)
(	19.5	1.5	2.75	)
(	10.5	1.5	3	)
(	10.75	1.5	3	)
(	11	1.5	3	)
(	11.25	1.5	3	)
(	11.5	1.5	3	)
(	11.75	1.5	3	)
(	12	1.5	3	)
(	12.25	1.5	3	)
(	12.5	1.5	3	)
(	12.75	1.5	3	)
(	13	1.5	3	)
(	13.25	1.5	3	)
(	13.5	1.5	3	)
(	13.75	1.5	3	)
(	14	1.5	3	)
(	14.25	1.5	3	)
(	14.5	1.5	3	)
(	14.75	1.5	3	)
(	15	1.5	3	)
(	15.25	1.5	3	)
(	15.5	1.5	3	)
(	15.75	1.5	3	)
(	16	1.5	3	)
(	16.25	1.5	3	)
(	16.5	1.5	3	)
(	16.75	1.5	3	)
(	17	1.5	3	)
(	17.25	1.5	3	)
(	17.5	1.5	3	)
(	17.75	1.5	3	)
(	18	1.5	3	)
(	18.25	1.5	3	)
(	18.5	1.5	3	)
(	18.75	1.5	3	)
(	19	1.5	3	)
(	19.25	1.5	3	)
(	19.5	1.5	3	)
(	10.5	1.5	3.25	)
(	10.75	1.5	3.25	)
(	11	1.5	3.25	)
(	11.25	1.5	3.25	)
(	11.5	1.5	3.25	)
(	11.75	1.5	3.25	)
(	12	1.5	3.25	)
(	12.25	1.5	3.25	)
(	12.5	1.5	3.25	)
(	12.75	1.5	3.25	)
(	13	1.5	3.25	)
(	13.25	1.5	3.25	)
(	13.5	1.5	3.25	)
(	13.75	1.5	3.25	)
(	14	1.5	3.25	)
(	14.25	1.5	3.25	)
(	14.5	1.5	3.25	)
(	14.75	1.5	3.25	)
(	15	1.5	3.25	)
(	15.25	1.5	3.25	)
(	15.5	1.5	3.25	)
(	15.75	1.5	3.25	)
(	16	1.5	3.25	)
(	16.25	1.5	3.25	)
(	16.5	1.5	3.25	)
(	16.75	1.5	3.25	)
(	17	1.5	3.25	)
(	17.25	1.5	3.25	)
(	17.5	1.5	3.25	)
(	17.75	1.5	3.25	)
(	18	1.5	3.25	)
(	18.25	1.5	3.25	)
(	18.5	1.5	3.25	)
(	18.75	1.5	3.25	)
(	19	1.5	3.25	)
(	19.25	1.5	3.25	)
(	19.5	1.5	3.25	)
(	10.5	1.5	3.5	)
(	10.75	1.5	3.5	)
(	11	1.5	3.5	)
(	11.25	1.5	3.5	)
(	11.5	1.5	3.5	)
(	11.75	1.5	3.5	)
(	12	1.5	3.5	)
(	12.25	1.5	3.5	)
(	12.5	1.5	3.5	)
(	12.75	1.5	3.5	)
(	13	1.5	3.5	)
(	13.25	1.5	3.5	)
(	13.5	1.5	3.5	)
(	13.75	1.5	3.5	)
(	14	1.5	3.5	)
(	14.25	1.5	3.5	)
(	14.5	1.5	3.5	)
(	14.75	1.5	3.5	)
(	15	1.5	3.5	)
(	15.25	1.5	3.5	)
(	15.5	1.5	3.5	)
(	15.75	1.5	3.5	)
(	16	1.5	3.5	)
(	16.25	1.5	3.5	)
(	16.5	1.5	3.5	)
(	16.75	1.5	3.5	)
(	17	1.5	3.5	)
(	17.25	1.5	3.5	)
(	17.5	1.5	3.5	)
(	17.75	1.5	3.5	)
(	18	1.5	3.5	)
(	18.25	1.5	3.5	)
(	18.5	1.5	3.5	)
(	18.75	1.5	3.5	)
(	19	1.5	3.5	)
(	19.25	1.5	3.5	)
(	19.5	1.5	3.5	)
(	10.5	1.5	3.75	)
(	10.75	1.5	3.75	)
(	11	1.5	3.75	)
(	11.25	1.5	3.75	)
(	11.5	1.5	3.75	)
(	11.75	1.5	3.75	)
(	12	1.5	3.75	)
(	12.25	1.5	3.75	)
(	12.5	1.5	3.75	)
(	12.75	1.5	3.75	)
(	13	1.5	3.75	)
(	13.25	1.5	3.75	)
(	13.5	1.5	3.75	)
(	13.75	1.5	3.75	)
(	14	1.5	3.75	)
(	14.25	1.5	3.75	)
(	14.5	1.5	3.75	)
(	14.75	1.5	3.75	)
(	15	1.5	3.75	)
(	15.25	1.5	3.75	)
(	15.5	1.5	3.75	)
(	15.75	1.5	3.75	)
(	16	1.5	3.75	)
(	16.25	1.5	3.75	)
(	16.5	1.5	3.75	)
(	16.75	1.5	3.75	)
(	17	1.5	3.75	)
(	17.25	1.5	3.75	)
(	17.5	1.5	3.75	)
(	17.75	1.5	3.75	)
(	18	1.5	3.75	)
(	18.25	1.5	3.75	)
(	18.5	1.5	3.75	)
(	18.75	1.5	3.75	)
(	19	1.5	3.75	)
(	19.25	1.5	3.75	)
(	19.5	1.5	3.75	)
(	10.5	1.5	4	)
(	10.75	1.5	4	)
(	11	1.5	4	)
(	11.25	1.5	4	)
(	11.5	1.5	4	)
(	11.75	1.5	4	)
(	12	1.5	4	)
(	12.25	1.5	4	)
(	12.5	1.5	4	)
(	12.75	1.5	4	)
(	13	1.5	4	)
(	13.25	1.5	4	)
(	13.5	1.5	4	)
(	13.75	1.5	4	)
(	14	1.5	4	)
(	14.25	1.5	4	)
(	14.5	1.5	4	)
(	14.75	1.5	4	)
(	15	1.5	4	)
(	15.25	1.5	4	)
(	15.5	1.5	4	)
(	15.75	1.5	4	)
(	16	1.5	4	)
(	16.25	1.5	4	)
(	16.5	1.5	4	)
(	16.75	1.5	4	)
(	17	1.5	4	)
(	17.25	1.5	4	)
(	17.5	1.5	4	)
(	17.75	1.5	4	)
(	18	1.5	4	)
(	18.25	1.5	4	)
(	18.5	1.5	4	)
(	18.75	1.5	4	)
(	19	1.5	4	)
(	19.25	1.5	4	)
(	19.5	1.5	4	)
(	10.5	1.5	4.25	)
(	10.75	1.5	4.25	)
(	11	1.5	4.25	)
(	11.25	1.5	4.25	)
(	11.5	1.5	4.25	)
(	11.75	1.5	4.25	)
(	12	1.5	4.25	)
(	12.25	1.5	4.25	)
(	12.5	1.5	4.25	)
(	12.75	1.5	4.25	)
(	13	1.5	4.25	)
(	13.25	1.5	4.25	)
(	13.5	1.5	4.25	)
(	13.75	1.5	4.25	)
(	14	1.5	4.25	)
(	14.25	1.5	4.25	)
(	14.5	1.5	4.25	)
(	14.75	1.5	4.25	)
(	15	1.5	4.25	)
(	15.25	1.5	4.25	)
(	15.5	1.5	4.25	)
(	15.75	1.5	4.25	)
(	16	1.5	4.25	)
(	16.25	1.5	4.25	)
(	16.5	1.5	4.25	)
(	16.75	1.5	4.25	)
(	17	1.5	4.25	)
(	17.25	1.5	4.25	)
(	17.5	1.5	4.25	)
(	17.75	1.5	4.25	)
(	18	1.5	4.25	)
(	18.25	1.5	4.25	)
(	18.5	1.5	4.25	)
(	18.75	1.5	4.25	)
(	19	1.5	4.25	)
(	19.25	1.5	4.25	)
(	19.5	1.5	4.25	)
(	10.5	1.5	4.5	)
(	10.75	1.5	4.5	)
(	11	1.5	4.5	)
(	11.25	1.5	4.5	)
(	11.5	1.5	4.5	)
(	11.75	1.5	4.5	)
(	12	1.5	4.5	)
(	12.25	1.5	4.5	)
(	12.5	1.5	4.5	)
(	12.75	1.5	4.5	)
(	13	1.5	4.5	)
(	13.25	1.5	4.5	)
(	13.5	1.5	4.5	)
(	13.75	1.5	4.5	)
(	14	1.5	4.5	)
(	14.25	1.5	4.5	)
(	14.5	1.5	4.5	)
(	14.75	1.5	4.5	)
(	15	1.5	4.5	)
(	15.25	1.5	4.5	)
(	15.5	1.5	4.5	)
(	15.75	1.5	4.5	)
(	16	1.5	4.5	)
(	16.25	1.5	4.5	)
(	16.5	1.5	4.5	)
(	16.75	1.5	4.5	)
(	17	1.5	4.5	)
(	17.25	1.5	4.5	)
(	17.5	1.5	4.5	)
(	17.75	1.5	4.5	)
(	18	1.5	4.5	)
(	18.25	1.5	4.5	)
(	18.5	1.5	4.5	)
(	18.75	1.5	4.5	)
(	19	1.5	4.5	)
(	19.25	1.5	4.5	)
(	19.5	1.5	4.5	)
(	10.5	1.5	4.75	)
(	10.75	1.5	4.75	)
(	11	1.5	4.75	)
(	11.25	1.5	4.75	)
(	11.5	1.5	4.75	)
(	11.75	1.5	4.75	)
(	12	1.5	4.75	)
(	12.25	1.5	4.75	)
(	12.5	1.5	4.75	)
(	12.75	1.5	4.75	)
(	13	1.5	4.75	)
(	13.25	1.5	4.75	)
(	13.5	1.5	4.75	)
(	13.75	1.5	4.75	)
(	14	1.5	4.75	)
(	14.25	1.5	4.75	)
(	14.5	1.5	4.75	)
(	14.75	1.5	4.75	)
(	15	1.5	4.75	)
(	15.25	1.5	4.75	)
(	15.5	1.5	4.75	)
(	15.75	1.5	4.75	)
(	16	1.5	4.75	)
(	16.25	1.5	4.75	)
(	16.5	1.5	4.75	)
(	16.75	1.5	4.75	)
(	17	1.5	4.75	)
(	17.25	1.5	4.75	)
(	17.5	1.5	4.75	)
(	17.75	1.5	4.75	)
(	18	1.5	4.75	)
(	18.25	1.5	4.75	)
(	18.5	1.5	4.75	)
(	18.75	1.5	4.75	)
(	19	1.5	4.75	)
(	19.25	1.5	4.75	)
(	19.5	1.5	4.75	)
(	10.5	1.5	5	)
(	10.75	1.5	5	)
(	11	1.5	5	)
(	11.25	1.5	5	)
(	11.5	1.5	5	)
(	11.75	1.5	5	)
(	12	1.5	5	)
(	12.25	1.5	5	)
(	12.5	1.5	5	)
(	12.75	1.5	5	)
(	13	1.5	5	)
(	13.25	1.5	5	)
(	13.5	1.5	5	)
(	13.75	1.5	5	)
(	14	1.5	5	)
(	14.25	1.5	5	)
(	14.5	1.5	5	)
(	14.75	1.5	5	)
(	15	1.5	5	)
(	15.25	1.5	5	)
(	15.5	1.5	5	)
(	15.75	1.5	5	)
(	16	1.5	5	)
(	16.25	1.5	5	)
(	16.5	1.5	5	)
(	16.75	1.5	5	)
(	17	1.5	5	)
(	17.25	1.5	5	)
(	17.5	1.5	5	)
(	17.75	1.5	5	)
(	18	1.5	5	)
(	18.25	1.5	5	)
(	18.5	1.5	5	)
(	18.75	1.5	5	)
(	19	1.5	5	)
(	19.25	1.5	5	)
(	19.5	1.5	5	)
(	10.5	1.5	5.25	)
(	10.75	1.5	5.25	)
(	11	1.5	5.25	)
(	11.25	1.5	5.25	)
(	11.5	1.5	5.25	)
(	11.75	1.5	5.25	)
(	12	1.5	5.25	)
(	12.25	1.5	5.25	)
(	12.5	1.5	5.25	)
(	12.75	1.5	5.25	)
(	13	1.5	5.25	)
(	13.25	1.5	5.25	)
(	13.5	1.5	5.25	)
(	13.75	1.5	5.25	)
(	14	1.5	5.25	)
(	14.25	1.5	5.25	)
(	14.5	1.5	5.25	)
(	14.75	1.5	5.25	)
(	15	1.5	5.25	)
(	15.25	1.5	5.25	)
(	15.5	1.5	5.25	)
(	15.75	1.5	5.25	)
(	16	1.5	5.25	)
(	16.25	1.5	5.25	)
(	16.5	1.5	5.25	)
(	16.75	1.5	5.25	)
(	17	1.5	5.25	)
(	17.25	1.5	5.25	)
(	17.5	1.5	5.25	)
(	17.75	1.5	5.25	)
(	18	1.5	5.25	)
(	18.25	1.5	5.25	)
(	18.5	1.5	5.25	)
(	18.75	1.5	5.25	)
(	19	1.5	5.25	)
(	19.25	1.5	5.25	)
(	19.5	1.5	5.25	)
(	10.5	1.5	5.5	)
(	10.75	1.5	5.5	)
(	11	1.5	5.5	)
(	11.25	1.5	5.5	)
(	11.5	1.5	5.5	)
(	11.75	1.5	5.5	)
(	12	1.5	5.5	)
(	12.25	1.5	5.5	)
(	12.5	1.5	5.5	)
(	12.75	1.5	5.5	)
(	13	1.5	5.5	)
(	13.25	1.5	5.5	)
(	13.5	1.5	5.5	)
(	13.75	1.5	5.5	)
(	14	1.5	5.5	)
(	14.25	1.5	5.5	)
(	14.5	1.5	5.5	)
(	14.75	1.5	5.5	)
(	15	1.5	5.5	)
(	15.25	1.5	5.5	)
(	15.5	1.5	5.5	)
(	15.75	1.5	5.5	)
(	16	1.5	5.5	)
(	16.25	1.5	5.5	)
(	16.5	1.5	5.5	)
(	16.75	1.5	5.5	)
(	17	1.5	5.5	)
(	17.25	1.5	5.5	)
(	17.5	1.5	5.5	)
(	17.75	1.5	5.5	)
(	18	1.5	5.5	)
(	18.25	1.5	5.5	)
(	18.5	1.5	5.5	)
(	18.75	1.5	5.5	)
(	19	1.5	5.5	)
(	19.25	1.5	5.5	)
(	19.5	1.5	5.5	)
(	10.5	1.5	5.75	)
(	10.75	1.5	5.75	)
(	11	1.5	5.75	)
(	11.25	1.5	5.75	)
(	11.5	1.5	5.75	)
(	11.75	1.5	5.75	)
(	12	1.5	5.75	)
(	12.25	1.5	5.75	)
(	12.5	1.5	5.75	)
(	12.75	1.5	5.75	)
(	13	1.5	5.75	)
(	13.25	1.5	5.75	)
(	13.5	1.5	5.75	)
(	13.75	1.5	5.75	)
(	14	1.5	5.75	)
(	14.25	1.5	5.75	)
(	14.5	1.5	5.75	)
(	14.75	1.5	5.75	)
(	15	1.5	5.75	)
(	15.25	1.5	5.75	)
(	15.5	1.5	5.75	)
(	15.75	1.5	5.75	)
(	16	1.5	5.75	)
(	16.25	1.5	5.75	)
(	16.5	1.5	5.75	)
(	16.75	1.5	5.75	)
(	17	1.5	5.75	)
(	17.25	1.5	5.75	)
(	17.5	1.5	5.75	)
(	17.75	1.5	5.75	)
(	18	1.5	5.75	)
(	18.25	1.5	5.75	)
(	18.5	1.5	5.75	)
(	18.75	1.5	5.75	)
(	19	1.5	5.75	)
(	19.25	1.5	5.75	)
(	19.5	1.5	5.75	)

            
        );

        
    };
        



    };

     /////

    fieldAverage1
    {
        type            fieldAverage;
        libs            ("libfieldFunctionObjects.so");
        writeControl    writeTime;

        
        
        
        fields
        (
            U
            {
                mean        on;
                prime2Mean  on;
                base        time;
            }

            p
            {
                mean        on;
                prime2Mean  on;
                base        time;
            }
        );
    };



    surfaceSampling
    {
        // Sample near-wall velocity

        type surfaces;

        // Where to load it from (if not already in solver)
        libs            ("libsampling.so");
        writeControl    writeTime;

        interpolationScheme cellPoint;

        surfaceFormat vtk;

        // Fields to be sampled
        fields
        (
           p U
        );

        surfaces
        (
            nearWall
            {
                type            patchInternalField;
                patches         ( lowerWall );
                distance        1E-6;
                interpolate     true;
                triangulate     false;
            }
        );
    };


    
     
};



     /////


    
    

// ************************************************************************* //
